FID,ANALYST,OBS_YEAR,MISSION_ID,SITE,SEGMENT,SEGLENGTH,SEGWIDTH,NO_COLONY_,SPCODE,FRAGMENT_Y,MORPH_CODE,EX_BOUND,OLDDEAD,RDCAUSE1,RD_1,RDCAUSE2,RD_2,RDCAUSE3,RD_3,CON_1,EXTENT_1,SEV_1,CON_2,EXTENT_2,SEV_2,CON_3,EXTENT_3,SEV_3,SHAPE_Leng,ADULT_JUV,FRAGMENT,COLONYLENG,MAXD
0,MA,2019, ,SfM12,1,2.5000000,1.0000000,0,PMEA,0,BR,0,0,FISH,2, ,0, ,0, ,0,0, ,0,0, ,0,0,0.120760920611000, ,0,0.000000000000000, 
1,MA,2019, ,SfM12,1,2.5000000,1.0000000,0,PMEA,0,BR,0,0, ,0, ,0, ,0,ALG,2,0, ,0,0, ,0,0,0.288618571469000, ,0,0.000000000000000, 
2,MA,2019, ,SfM12,1,2.5000000,1.0000000,0,PVAR,0,EF,0,30, ,0, ,0, ,0, ,0,0, ,0,0, ,0,0,0.059748222017600, ,0,0.000000000000000, 
3,MA,2019, ,SfM12,1,2.5000000,1.0000000,0,MPAT,0,EF,0,2, ,0, ,0, ,0, ,0,0, ,0,0, ,0,0,0.091170664250300, ,0,0.000000000000000, 
4,MA,2019, ,SfM12,1,2.5000000,1.0000000,0,PVAR,0,EF,0,5, ,0, ,0, ,0, ,0,0, ,0,0, ,0,0,0.092115145613500, ,0,0.000000000000000, 
5,MA,2019, ,SfM12,1,2.5000000,1.0000000,0,PVAR,0,EF,0,75, ,0, ,0, ,0, ,0,0, ,0,0, ,0,0,0.495529534387000, ,0,0.000000000000000, 
6,MA,2019, ,SfM12,1,2.5000000,1.0000000,0,PMEA,0,BR,0,0, ,0, ,0, ,0, ,0,0, ,0,0, ,0,0,0.041271055633700, ,0,0.000000000000000, 
7,MA,2019, ,SfM12,1,2.5000000,1.0000000,0,MCAP,0,EF,0,25, ,0, ,0, ,0, ,0,0, ,0,0, ,0,0,0.162437988258000, ,0,0.000000000000000, 
8,MA,2019, ,SfM12,1,2.5000000,1.0000000,0,PNIE,0,EF,0,20, ,0, ,0, ,0, ,0,0, ,0,0, ,0,0,0.257510329338000, ,0,0.000000000000000, 
9,MA,2019, ,SfM12,1,2.5000000,1.0000000,0,MPAT,0,EF,0,15, ,0, ,0, ,0, ,0,0, ,0,0, ,0,0,0.071677402039800, ,0,0.000000000000000, 
10,MA,2019, ,SfM12,1,2.5000000,1.0000000,0,MCAP,0,EF,0,15, ,0, ,0, ,0, ,0,0, ,0,0, ,0,0,0.110442065147000, ,0,0.000000000000000, 
11,MA,2019, ,SfM12,1,2.5000000,1.0000000,0,MPAT,0,EF,0,25, ,0, ,0, ,0, ,0,0, ,0,0, ,0,0,0.440891107713000, ,0,0.000000000000000, 
12,MA,2019, ,SfM12,1,2.5000000,1.0000000,0,MPAT,0,EF,0,7, ,0, ,0, ,0, ,0,0, ,0,0, ,0,0,0.353476506445000, ,0,0.000000000000000, 
13,MA,2019, ,SfM12,1,2.5000000,1.0000000,0,MPAT,0,EF,0,15, ,0, ,0, ,0, ,0,0, ,0,0, ,0,0,0.695302416075000, ,0,0.000000000000000, 
14,MA,2019, ,SfM12,1,2.5000000,1.0000000,0,MPAT,0,EF,0,15, ,0, ,0, ,0, ,0,0, ,0,0, ,0,0,0.362411437855000, ,0,0.000000000000000, 
15,MA,2019, ,SfM12,1,2.5000000,1.0000000,0,MPAT,0,EF,0,3, ,0, ,0, ,0, ,0,0, ,0,0, ,0,0,0.157655478360000, ,0,0.000000000000000, 
16,MA,2019, ,SfM12,1,2.5000000,1.0000000,0,MPAT,0,EF,0,0, ,0, ,0, ,0, ,0,0, ,0,0, ,0,0,0.062483037845300, ,0,0.000000000000000, 
17,MA,2019, ,SfM12,1,2.5000000,1.0000000,0,MCAP,0,EF,0,20, ,0, ,0, ,0, ,0,0, ,0,0, ,0,0,0.332076753652000, ,0,0.000000000000000, 
18,MA,2019, ,SfM12,1,2.5000000,1.0000000,0,PMEA,0,BR,0,5,TLS,5, ,0, ,0, ,0,0, ,0,0, ,0,0,0.327928802630000, ,0,0.000000000000000, 
19,MA,2019, ,SfM12,1,2.5000000,1.0000000,0,PMEA,0,BR,0,0, ,0, ,0, ,0, ,0,0, ,0,0, ,0,0,0.213293459848000, ,0,0.000000000000000, 
20,MA,2019, ,SfM12,1,2.5000000,1.0000000,0,MCAP,0,EF,0,40, ,0, ,0, ,0, ,0,0, ,0,0, ,0,0,0.224731329728000, ,0,0.000000000000000, 
21,MA,2019, ,SfM12,1,2.5000000,1.0000000,0,PMEA,0,BR,0,0,FISH,2, ,0, ,0, ,0,0, ,0,0, ,0,0,0.261527532565000, ,0,0.000000000000000, 
22,MA,2019, ,SfM12,1,2.5000000,1.0000000,0,PMEA,0,BR,0,0, ,0, ,0, ,0, ,0,0, ,0,0, ,0,0,0.269712680771000, ,0,0.000000000000000, 
23,MA,2019, ,SfM12,1,2.5000000,1.0000000,0,PLOB,0,EF,0,30,TLS,12, ,0, ,0, ,0,0, ,0,0, ,0,0,0.136730757174000, ,0,0.000000000000000, 
24,MA,2019, ,SfM12,1,2.5000000,1.0000000,0,MPAT,0,EF,0,15, ,0, ,0, ,0, ,0,0, ,0,0, ,0,0,0.359111181037000, ,0,0.000000000000000, 
25,MA,2019, ,SfM12,1,2.5000000,1.0000000,0,PNIE,0,EF,0,7, ,0, ,0, ,0, ,0,0, ,0,0, ,0,0,0.203574948390000, ,0,0.000000000000000, 
26,MA,2019, ,SfM12,1,2.5000000,1.0000000,0,MCAP,0,EF,0,20, ,0, ,0, ,0, ,0,0, ,0,0, ,0,0,0.440693657965000, ,0,0.000000000000000, 
27,MA,2019, ,SfM12,1,2.5000000,1.0000000,0,MPAT,0,EF,0,60, ,0, ,0, ,0, ,0,0, ,0,0, ,0,0,0.629366999454000, ,0,0.000000000000000, 
28,MA,2019, ,SfM12,1,2.5000000,1.0000000,0,LESP,0,EF,0,0, ,0, ,0, ,0, ,0,0, ,0,0, ,0,0,0.110710478333000, ,0,0.000000000000000, 
29,MA,2019, ,SfM12,1,2.5000000,1.0000000,0,PVAR,0,EF,0,7, ,0, ,0, ,0, ,0,0, ,0,0, ,0,0,0.097278208962200, ,0,0.000000000000000, 
30,MA,2019, ,SfM12,3,2.5000000,1.0000000,0,PMEA,0,BR,0,55, ,0, ,0, ,0,BLE,30,3, ,0,0, ,0,0,0.218329682482000, ,0,0.000000000000000, 
31,MA,2019, ,SfM12,3,2.5000000,1.0000000,0,PMEA,0,BR,0,0,FISH,3, ,0, ,0, ,0,0, ,0,0, ,0,0,0.220504443922000, ,0,0.000000000000000, 
32,MA,2019, ,SfM12,3,2.5000000,1.0000000,0,PMEA,0,BR,0,0, ,0, ,0, ,0, ,0,0, ,0,0, ,0,0,0.072652941941900, ,0,0.000000000000000, 
33,MA,2019, ,SfM12,3,2.5000000,1.0000000,0,MPAT,0,EF,0,20, ,0, ,0, ,0, ,0,0, ,0,0, ,0,0,0.114163391241000, ,0,0.000000000000000, 
34,MA,2019, ,SfM12,3,2.5000000,1.0000000,0,POSP,0,KN,0,0,FISH,5, ,0, ,0, ,0,0, ,0,0, ,0,0,0.054335439550200, ,0,0.000000000000000, 
35,MA,2019, ,SfM12,3,2.5000000,1.0000000,0,PMEA,0,BR,0,0, ,0, ,0, ,0, ,0,0, ,0,0, ,0,0,0.089057846245300, ,0,0.000000000000000, 
36,MA,2019, ,SfM12,3,2.5000000,1.0000000,0,MCAP,0,EF,0,5, ,0, ,0, ,0, ,0,0, ,0,0, ,0,0,0.269433646980000, ,0,0.000000000000000, 
37,MA,2019, ,SfM12,3,2.5000000,1.0000000,0,MPAT,0,EF,0,0, ,0, ,0, ,0, ,0,0, ,0,0, ,0,0,0.194163848353000, ,0,0.000000000000000, 
38,MA,2019, ,SfM12,3,2.5000000,1.0000000,0,PMEA,0,BR,0,0,FISH,2, ,0, ,0, ,0,0, ,0,0, ,0,0,0.197383003089000, ,0,0.000000000000000, 
39,MA,2019, ,SfM12,3,2.5000000,1.0000000,0,MCAP,0,EF,0,10, ,0, ,0, ,0, ,0,0, ,0,0, ,0,0,0.580043110928000, ,0,0.000000000000000, 
40,MA,2019, ,SfM12,3,2.5000000,1.0000000,0,MCAP,0,EF,0,10, ,0, ,0, ,0, ,0,0, ,0,0, ,0,0,0.406598390708000, ,0,0.000000000000000, 
41,MA,2019, ,SfM12,3,2.5000000,1.0000000,0,MCAP,0,EF,0,7, ,0, ,0, ,0, ,0,0, ,0,0, ,0,0,0.546023488804000, ,0,0.000000000000000, 
42,MA,2019, ,SfM12,3,2.5000000,1.0000000,0,MPAT,0,EF,0,40, ,0, ,0, ,0, ,0,0, ,0,0, ,0,0,0.965129653498000, ,0,0.000000000000000, 
43,MA,2019, ,SfM12,3,2.5000000,1.0000000,0,MPAT,0,EF,0,25, ,0, ,0, ,0, ,0,0, ,0,0, ,0,0,0.828308505045000, ,0,0.000000000000000, 
44,MA,2019, ,SfM12,3,2.5000000,1.0000000,0,PMEA,0,BR,0,0,FISH,7, ,0, ,0, ,0,0, ,0,0, ,0,0,0.145100516562000, ,0,0.000000000000000, 
45,MA,2019, ,SfM12,3,2.5000000,1.0000000,0,MPAT,0,EF,0,15, ,0, ,0, ,0, ,0,0, ,0,0, ,0,0,0.328449479547000, ,0,0.000000000000000, 
46,MA,2019, ,SfM12,3,2.5000000,1.0000000,0,MPAT,0,BR,0,30, ,0, ,0, ,0, ,0,0, ,0,0, ,0,0,0.319162561243000, ,0,0.000000000000000, 
47,MA,2019, ,SfM12,3,2.5000000,1.0000000,0,MCAP,0,EF,0,7, ,0, ,0, ,0, ,0,0, ,0,0, ,0,0,0.134867341829000, ,0,0.000000000000000, 
48,MA,2019, ,SfM12,3,2.5000000,1.0000000,0,MPAT,0,EF,0,10, ,0, ,0, ,0, ,0,0, ,0,0, ,0,0,0.134970588394000, ,0,0.000000000000000, 
49,MA,2019, ,SfM12,3,2.5000000,1.0000000,0,PMEA,0,BR,0,0, ,0, ,0, ,0, ,0,0, ,0,0, ,0,0,0.055321784599400, ,0,0.000000000000000, 
50,MA,2019, ,SfM12,5,2.5000000,1.0000000,0,PMEA,0,BR,0,0,FISH,2, ,0, ,0, ,0,0, ,0,0, ,0,0,0.253825846020000, ,0,0.000000000000000, 
51,MA,2019, ,SfM12,5,2.5000000,1.0000000,0,PMEA,0,BR,0,0, ,0, ,0, ,0, ,0,0, ,0,0, ,0,0,0.289710769738000, ,0,0.000000000000000, 
52,MA,2019, ,SfM12,5,2.5000000,1.0000000,0,PMEA,0,BR,0,0, ,0, ,0, ,0, ,0,0, ,0,0, ,0,0,0.091474696005200, ,0,0.000000000000000, 
53,MA,2019, ,SfM12,5,2.5000000,1.0000000,0,PMEA,0,BR,0,0,TLS,2,FISH,2, ,0, ,0,0, ,0,0, ,0,0,0.297722773282000, ,0,0.000000000000000, 
54,MA,2019, ,SfM12,5,2.5000000,1.0000000,0,PMEA,0,BR,0,30, ,0, ,0, ,0, ,0,0, ,0,0, ,0,0,0.449824521507000, ,0,0.000000000000000, 
55,MA,2019, ,SfM12,5,2.5000000,1.0000000,0,MPAT,0,EF,0,60, ,0, ,0, ,0, ,0,0, ,0,0, ,0,0,0.862268201179000, ,0,0.000000000000000, 
56,MA,2019, ,SfM12,5,2.5000000,1.0000000,0,MCAP,0,EF,0,55, ,0, ,0, ,0, ,0,0, ,0,0, ,0,0,0.366829728902000, ,0,0.000000000000000, 
57,MA,2019, ,SfM12,5,2.5000000,1.0000000,0,MPAT,0,EF,0,60, ,0, ,0, ,0, ,0,0, ,0,0, ,0,0,0.141282836854000, ,0,0.000000000000000, 
58,MA,2019, ,SfM12,5,2.5000000,1.0000000,0,MPAT,0,EF,0,2, ,0, ,0, ,0, ,0,0, ,0,0, ,0,0,0.075506025791800, ,0,0.000000000000000, 
59,MA,2019, ,SfM16,1,2.5000000,1.0000000,0,PMEA,0,BR,0,0, ,0, ,0, ,0, ,0,0, ,0,0, ,0,0,0.084768036388500,A,0,0.000000000000000, 
60,MA,2019, ,SfM16,1,2.5000000,1.0000000,0,MCAP,0,EM,0,0, ,0, ,0, ,0,BLE,45,4, ,0,0, ,0,0,0.088403619614900,A,0,0.000000000000000, 
61,MW,2019, ,OAH_SfM16,1,2.5000000,1.0000000,0,PMEA,0,BR,0,0, ,0, ,0, ,0, ,0,0, ,0,0, ,0,0,0.083798866096500, ,0,0.000000000000000, 
62,MA,2019, ,SfM17,1,2.5000000,1.0000000,0,POSP,0,EF,0,10, ,0, ,0, ,0, ,0,0, ,0,0, ,0,0,0.076792839214500, ,0,0.000000000000000, 
63,MA,2019, ,SfM17,1,2.5000000,1.0000000,0,POSP,0,MD,0,45, ,0, ,0, ,0, ,0,0, ,0,0, ,0,0,0.166161155894000, ,0,0.000000000000000, 
64,MA,2019, ,SfM17,1,2.5000000,1.0000000,0,MCAP,0,EF,0,0, ,0, ,0, ,0, ,0,0, ,0,0, ,0,0,0.113350871870000, ,0,0.000000000000000, 
65,MA,2019, ,SfM17,1,2.5000000,1.0000000,0,PVAR,0,EF,0,70, ,0, ,0, ,0, ,0,0, ,0,0, ,0,0,0.234308620935000, ,0,0.000000000000000, 
66,MA,2019, ,SfM17,1,2.5000000,1.0000000,0,MPAT,0,EF,0,5, ,0, ,0, ,0, ,0,0, ,0,0, ,0,0,0.473526557231000, ,0,0.000000000000000, 
67,MA,2019, ,SfM17,1,2.5000000,1.0000000,0,PVAR,0,EF,0,0, ,0, ,0, ,0, ,0,0, ,0,0, ,0,0,0.028467525614000, ,0,0.000000000000000, 
68,MA,2019, ,SfM17,1,2.5000000,1.0000000,0,PVAR,0,EF,0,10, ,0, ,0, ,0, ,0,0, ,0,0, ,0,0,0.087848278281600, ,0,0.000000000000000, 
69,MA,2019, ,SfM17,1,2.5000000,1.0000000,0,MCAP,0,EF,0,30, ,0, ,0, ,0, ,0,0, ,0,0, ,0,0,0.114286132368000, ,0,0.000000000000000, 
70,MA,2019, ,SfM17,1,2.5000000,1.0000000,0,MCAP,0,EF,0,2, ,0, ,0, ,0, ,0,0, ,0,0, ,0,0,0.244735061300000, ,0,0.000000000000000, 
71,MA,2019, ,SfM17,1,2.5000000,1.0000000,0,PLOB,0,EF,0,2, ,0, ,0, ,0,SGA,5,0, ,0,0, ,0,0,0.170875772676000, ,0,0.000000000000000, 
72,MA,2019, ,SfM17,1,2.5000000,1.0000000,0,MCAP,0,EF,0,0, ,0, ,0, ,0, ,0,0, ,0,0, ,0,0,0.036949966049300, ,0,0.000000000000000, 
73,MA,2019, ,SfM17,1,2.5000000,1.0000000,0,PMEA,0,BR,0,0, ,0, ,0, ,0, ,0,0, ,0,0, ,0,0,0.077733003984200, ,0,0.000000000000000, 
74,MA,2019, ,SfM17,1,2.5000000,1.0000000,0,PLOB,0,MD,0,7, ,0, ,0, ,0, ,0,0, ,0,0, ,0,0,0.098610800677100, ,0,0.000000000000000, 
75,MA,2019, ,SfM17,1,2.5000000,1.0000000,0,MPAT,0,EF,0,7, ,0, ,0, ,0,SGA,5,0, ,0,0, ,0,0,0.320778584530000, ,0,0.000000000000000, 
76,MA,2019, ,SfM17,1,2.5000000,1.0000000,0,PLUT,0,MD,0,0, ,0, ,0, ,0, ,0,0, ,0,0, ,0,0,0.288594733097000, ,0,0.000000000000000, 
77,MA,2019, ,SfM17,1,2.5000000,1.0000000,0,PMEA,0,BR,0,10,TLS,3, ,0, ,0, ,0,0, ,0,0, ,0,0,0.338736268410000, ,0,0.000000000000000, 
78,MA,2019, ,SfM17,1,2.5000000,1.0000000,0,MPAT,0,EF,0,10, ,0, ,0, ,0, ,0,0, ,0,0, ,0,0,0.385002610070000, ,0,0.000000000000000, 
79,MA,2019, ,SfM17,1,2.5000000,1.0000000,0,POSP,0,MD,0,40, ,0, ,0, ,0, ,0,0, ,0,0, ,0,0,0.128867567963000, ,0,0.000000000000000, 
80,MA,2019, ,SfM17,1,2.5000000,1.0000000,0,PMEA,0,BR,0,45, ,0, ,0, ,0,BLE,100,4, ,0,0, ,0,0,0.252314426460000, ,0,0.000000000000000, 
81,MA,2019, ,SfM17,1,2.5000000,1.0000000,0,PLUT,0,MD,0,1,FISH,3, ,0, ,0, ,0,0, ,0,0, ,0,0,0.447172639818000, ,0,0.000000000000000, 
82,MA,2019, ,SfM17,1,2.5000000,1.0000000,0,MPAT,0,EF,0,0, ,0, ,0, ,0, ,0,0, ,0,0, ,0,0,0.050980192057600, ,0,0.000000000000000, 
83,MA,2019, ,SfM17,1,2.5000000,1.0000000,0,MPAT,0,EF,0,25, ,0, ,0, ,0, ,0,0, ,0,0, ,0,0,0.081063987505300, ,0,0.000000000000000, 
84,MA,2019, ,SfM17,1,2.5000000,1.0000000,0,PMEA,0,BR,0,0, ,0, ,0, ,0, ,0,0, ,0,0, ,0,0,0.094260543090600, ,0,0.000000000000000, 
85,MA,2019, ,SfM17,1,2.5000000,1.0000000,0,MCAP,0,EF,0,5, ,0, ,0, ,0, ,0,0, ,0,0, ,0,0,0.059959486963000, ,0,0.000000000000000, 
86,MA,2019, ,SfM17,1,2.5000000,1.0000000,0,POSP,0,MD,0,15, ,0, ,0, ,0,BLE,2,4, ,0,0, ,0,0,0.212951942991000, ,0,0.000000000000000, 
87,MA,2019, ,SfM17,1,2.5000000,1.0000000,0,PMEA,0,BR,0,0, ,0, ,0, ,0, ,0,0, ,0,0, ,0,0,0.095432174635400, ,0,0.000000000000000, 
88,MA,2019, ,SfM17,1,2.5000000,1.0000000,0,PLUT,0,MD,0,60, ,0, ,0, ,0, ,0,0, ,0,0, ,0,0,0.186725734270000, ,0,0.000000000000000, 
89,MA,2019, ,SfM17,1,2.5000000,1.0000000,0,POSP,0,EF,0,30, ,0, ,0, ,0, ,0,0, ,0,0, ,0,0,0.048523500435400, ,0,0.000000000000000, 
90,MA,2019, ,SfM17,1,2.5000000,1.0000000,0,PLOB,0,MD,0,25, ,0, ,0, ,0, ,0,0, ,0,0, ,0,0,0.206543361445000, ,0,0.000000000000000, 
91,MA,2019, ,SfM17,1,2.5000000,1.0000000,0,PLOB,0,MD,0,20, ,0, ,0, ,0, ,0,0, ,0,0, ,0,0,0.371191392891000, ,0,0.000000000000000, 
92,MA,2019, ,SfM17,1,2.5000000,1.0000000,0,MPAT,0,EF,0,40, ,0, ,0, ,0,BIN,10,0, ,0,0, ,0,0,0.238391023324000, ,0,0.000000000000000, 
93,MA,2019, ,SfM17,1,2.5000000,1.0000000,0,POSP,0,MD,0,0, ,0, ,0, ,0, ,0,0, ,0,0, ,0,0,0.075372209616700, ,0,0.000000000000000, 
94,MA,2019, ,SfM17,1,2.5000000,1.0000000,0,MPAT,0,EF,0,40, ,0, ,0, ,0, ,0,0, ,0,0, ,0,0,0.266283325972000, ,0,0.000000000000000, 
95,MA,2019, ,SfM17,3,2.5000000,1.0000000,0,PMEA,0,BR,0,0, ,0, ,0, ,0, ,0,0, ,0,0, ,0,0,0.264083870099000, ,0,0.000000000000000, 
96,MA,2019, ,SfM17,3,2.5000000,1.0000000,0,PMEA,0,BR,0,0, ,0, ,0, ,0, ,0,0, ,0,0, ,0,0,0.117819267708000, ,0,0.000000000000000, 
97,MA,2019, ,SfM17,3,2.5000000,1.0000000,0,PMEA,0,BR,0,0, ,0, ,0, ,0, ,0,0, ,0,0, ,0,0,0.088836253927900, ,0,0.000000000000000, 
98,MA,2019, ,SfM17,3,2.5000000,1.0000000,0,PMEA,0,BR,0,0, ,0, ,0, ,0, ,0,0, ,0,0, ,0,0,0.150262337089000, ,0,0.000000000000000, 
99,MA,2019, ,SfM17,3,2.5000000,1.0000000,0,PMEA,0,BR,0,5, ,0, ,0, ,0, ,0,0, ,0,0, ,0,0,0.301637796522000, ,0,0.000000000000000, 
100,MA,2019, ,SfM17,3,2.5000000,1.0000000,0,PLOB,0,EF,0,2, ,0, ,0, ,0, ,0,0, ,0,0, ,0,0,0.193066465483000, ,0,0.000000000000000, 
101,MA,2019, ,SfM17,3,2.5000000,1.0000000,0,MPAT,0,EF,0,0, ,0, ,0, ,0, ,0,0, ,0,0, ,0,0,0.078755127569100, ,0,0.000000000000000, 
102,MA,2019, ,SfM17,3,2.5000000,1.0000000,0,PMEA,0,BR,0,95, ,0, ,0, ,0, ,0,0, ,0,0, ,0,0,0.194538864379000, ,0,0.000000000000000, 
103,MA,2019, ,SfM17,3,2.5000000,1.0000000,0,MPAT,0,EF,0,5, ,0, ,0, ,0, ,0,0, ,0,0, ,0,0,0.092621056864800, ,0,0.000000000000000, 
104,MA,2019, ,SfM17,3,2.5000000,1.0000000,0,MPAT,0,EF,0,15, ,0, ,0, ,0, ,0,0, ,0,0, ,0,0,0.148483568027000, ,0,0.000000000000000, 
105,MA,2019, ,SfM17,3,2.5000000,1.0000000,0,PMEA,0,BR,0,0, ,0, ,0, ,0, ,0,0, ,0,0, ,0,0,0.073668038149700, ,0,0.000000000000000, 
106,MA,2019, ,SfM17,3,2.5000000,1.0000000,0,PLUT,0,MD,0,45, ,0, ,0, ,0, ,0,0, ,0,0, ,0,0,0.163460698972000, ,0,0.000000000000000, 
107,MA,2019, ,SfM17,3,2.5000000,1.0000000,0,MCAP,0,EF,0,35, ,0, ,0, ,0, ,0,0, ,0,0, ,0,0,0.549556702405000, ,0,0.000000000000000, 
108,MA,2019, ,SfM17,3,2.5000000,1.0000000,0,MPAT,0,EF,0,75, ,0, ,0, ,0, ,0,0, ,0,0, ,0,0,0.181141519355000, ,0,0.000000000000000, 
109,MA,2019, ,SfM17,3,2.5000000,1.0000000,0,MCAP,0,EF,0,25, ,0, ,0, ,0, ,0,0, ,0,0, ,0,0,0.290181201795000, ,0,0.000000000000000, 
110,MA,2019, ,SfM17,3,2.5000000,1.0000000,0,MCAP,0,EF,0,5, ,0, ,0, ,0, ,0,0, ,0,0, ,0,0,0.166334753630000, ,0,0.000000000000000, 
111,MA,2019, ,SfM17,3,2.5000000,1.0000000,0,MPAT,0,EF,0,5, ,0, ,0, ,0, ,0,0, ,0,0, ,0,0,0.051300780223200, ,0,0.000000000000000, 
112,MA,2019, ,SfM17,5,2.5000000,1.0000000,0,MCAP,0,EF,0,0, ,0, ,0, ,0, ,0,0, ,0,0, ,0,0,0.031914416807900, ,0,0.000000000000000, 
113,MA,2019, ,SfM17,5,2.5000000,1.0000000,0,PMEA,0,BR,0,0, ,0, ,0, ,0, ,0,0, ,0,0, ,0,0,0.064587459692600, ,0,0.000000000000000, 
114,MA,2019, ,SfM17,5,2.5000000,1.0000000,0,PMEA,0,BR,0,0, ,0, ,0, ,0, ,0,0, ,0,0, ,0,0,0.067952410108400, ,0,0.000000000000000, 
115,MA,2019, ,SfM17,5,2.5000000,1.0000000,0,MCAP,0,EF,0,0, ,0, ,0, ,0, ,0,0, ,0,0, ,0,0,0.119941652504000, ,0,0.000000000000000, 
116,MA,2019, ,SfM17,1,2.5000000,1.0000000,0,PLOB,0,EF,0,15, ,0, ,0, ,0, ,0,0, ,0,0, ,0,0,0.047068460659900, ,0,0.000000000000000, 
117,MA,2019, ,SfM17,3,2.5000000,1.0000000,0,MPAT,0,EF,0,5, ,0, ,0, ,0, ,0,0, ,0,0, ,0,0,0.098031525041200, ,0,0.000000000000000, 
118,MW,2019, ,OAH_SfM17,1,2.5000000,1.0000000,0,MPAT,0,EM,0,6, ,0, ,0, ,0, ,0,0, ,0,0, ,0,0,0.475496077922000, ,0,0.000000000000000, 
119,MW,2019, ,OAH_SfM17,1,2.5000000,1.0000000,0,MCAP,0,EM,0,1, ,0, ,0, ,0,BLE,100,5, ,0,0, ,0,0,0.114572683943000, ,0,0.000000000000000, 
120,MW,2019, ,OAH_SfM17,1,2.5000000,1.0000000,0,PLOB,0,MD,0,30, ,0, ,0, ,0, ,0,0, ,0,0, ,0,0,0.149477021483000, ,0,0.000000000000000, 
121,MW,2019, ,OAH_SfM17,1,2.5000000,1.0000000,0,PLOB,0,EM,0,15, ,0, ,0, ,0, ,0,0, ,0,0, ,0,0,0.080937630614400, ,0,0.000000000000000, 
122,MW,2019, ,OAH_SfM17,1,2.5000000,1.0000000,0,MCAP,0,EM,0,5, ,0, ,0, ,0, ,0,0, ,0,0, ,0,0,0.252401266913000, ,0,0.000000000000000, 
123,MW,2019, ,OAH_SfM17,1,2.5000000,1.0000000,0,PVAR,0,EM,0,3, ,0, ,0, ,0, ,0,0, ,0,0, ,0,0,0.067185787503400, ,0,0.000000000000000, 
124,MW,2019, ,OAH_SfM17,1,2.5000000,1.0000000,0,PVAR,0,EM,0,0, ,0, ,0, ,0, ,0,0, ,0,0, ,0,0,0.025461538925600, ,0,0.000000000000000, 
125,MW,2019, ,OAH_SfM17,1,2.5000000,1.0000000,0,PVAR,0,EM,0,5, ,0, ,0, ,0, ,0,0, ,0,0, ,0,0,0.123009146133000, ,0,0.000000000000000, 
126,MW,2019, ,OAH_SfM17,1,2.5000000,1.0000000,0,PLOB,0,MD,0,2, ,0, ,0, ,0, ,0,0, ,0,0, ,0,0,0.190574394405000, ,0,0.000000000000000, 
127,MW,2019, ,OAH_SfM17,1,2.5000000,1.0000000,0,PLOB,0,EM,0,3, ,0, ,0, ,0, ,0,0, ,0,0, ,0,0,0.079294512500800, ,0,0.000000000000000, 
128,MW,2019, ,OAH_SfM17,1,2.5000000,1.0000000,0,MPAT,0,EM,0,3,FISH,5, ,0, ,0, ,0,0, ,0,0, ,0,0,0.326691674231000, ,0,0.000000000000000, 
129,MW,2019, ,OAH_SfM17,1,2.5000000,1.0000000,0,MPAT,0,EM,0,10,FISH,2, ,0, ,0, ,0,0, ,0,0, ,0,0,0.412655207091000, ,0,0.000000000000000, 
130,MW,2019, ,OAH_SfM17,1,2.5000000,1.0000000,0,PMEA,0,BR,0,40, ,0, ,0, ,0,BLE,22,3, ,0,0, ,0,0,0.271237037026000, ,0,0.000000000000000, 
131,MW,2019, ,OAH_SfM17,1,2.5000000,1.0000000,0,PLOB,0,MD,0,18, ,0, ,0, ,0, ,0,0, ,0,0, ,0,0,0.124042130167000, ,0,0.000000000000000, 
132,MW,2019, ,OAH_SfM17,1,2.5000000,1.0000000,0,PLUT,0,MD,0,0, ,0, ,0, ,0, ,0,0, ,0,0, ,0,0,0.291506193566000, ,0,0.000000000000000, 
133,MW,2019, ,OAH_SfM17,1,2.5000000,1.0000000,0,MPAT,0,EM,0,25, ,0, ,0, ,0, ,0,0, ,0,0, ,0,0,0.072876676478200, ,0,0.000000000000000, 
134,MW,2019, ,OAH_SfM17,1,2.5000000,1.0000000,0,PLUT,0,MD,0,0,FISH,5, ,0, ,0, ,0,0, ,0,0, ,0,0,0.452037885880000, ,0,0.000000000000000, 
135,MW,2019, ,OAH_SfM17,1,2.5000000,1.0000000,0,PMEA,0,BR,0,10,TLS,2, ,0, ,0, ,0,0, ,0,0, ,0,0,0.348513657667000, ,0,0.000000000000000, 
136,MW,2019, ,OAH_SfM17,1,2.5000000,1.0000000,0,PMEA,0,KN,0,0, ,0, ,0, ,0, ,0,0, ,0,0, ,0,0,0.095026417176200, ,0,0.000000000000000, 
137,MW,2019, ,OAH_SfM17,1,2.5000000,1.0000000,0,PMEA,0,KN,0,0, ,0, ,0, ,0, ,0,0, ,0,0, ,0,0,0.073478840189600, ,0,0.000000000000000, 
138,MW,2019, ,OAH_SfM17,1,2.5000000,1.0000000,0,PLOB,0,EM,0,0, ,8, ,0, ,0, ,0,0, ,0,0, ,0,0,0.204478776546000, ,0,0.000000000000000, 
139,MW,2019, ,OAH_SfM17,1,2.5000000,1.0000000,0,PLOB,0,EM,0,48,FISH,1, ,0, ,0, ,0,0, ,0,0, ,0,0,0.204879769157000, ,0,0.000000000000000, 
140,MW,2019, ,OAH_SfM17,1,2.5000000,1.0000000,0,PLOB,0,MD,0,25, ,0, ,0, ,0, ,0,0, ,0,0, ,0,0,0.221794793199000, ,0,0.000000000000000, 
141,MW,2019, ,OAH_SfM17,1,2.5000000,1.0000000,0,PLOB,0,MD,0,15, ,0, ,0, ,0, ,0,0, ,0,0, ,0,0,0.402339656949000, ,0,0.000000000000000, 
142,MW,2019, ,OAH_SfM17,3,2.5000000,1.0000000,0,PLOB,0,EM,0,5, ,0, ,0, ,0, ,0,0, ,0,0, ,0,0,0.181220557314000, ,0,0.000000000000000, 
143,MW,2019, ,OAH_SfM17,3,2.5000000,1.0000000,0,PMEA,0,BR,0,0, ,0, ,0, ,0, ,0,0, ,0,0, ,0,0,0.266750614449000, ,0,0.000000000000000, 
144,MW,2019, ,OAH_SfM17,3,2.5000000,1.0000000,0,MPAT,0,EM,0,0, ,0, ,0, ,0, ,0,0, ,0,0, ,0,0,0.064858692230500, ,0,0.000000000000000, 
145,MW,2019, ,OAH_SfM17,3,2.5000000,1.0000000,0,PLUT,0,MD,0,20, ,0, ,0, ,0, ,0,0, ,0,0, ,0,0,0.168939397560000, ,0,0.000000000000000, 
146,MW,2019, ,OAH_SfM17,3,2.5000000,1.0000000,0,MCAP,0,EM,0,35, ,0, ,0, ,0, ,0,0, ,0,0, ,0,0,0.556899740335000, ,0,0.000000000000000, 
147,MW,2019, ,OAH_SfM17,3,2.5000000,1.0000000,0,MPAT,0,EM,0,50,UNKN,2, ,0, ,0, ,0,0, ,0,0, ,0,0,0.181544512521000, ,0,0.000000000000000, 
148,MW,2019, ,OAH_SfM17,3,2.5000000,1.0000000,0,MPAT,0,EM,0,6,FISH,1, ,0, ,0, ,0,0, ,0,0, ,0,0,0.105442022244000, ,0,0.000000000000000, 
149,MW,2019, ,OAH_SfM17,3,2.5000000,1.0000000,0,MCAP,0,EM,0,35,FISH,1, ,0, ,0, ,0,0, ,0,0, ,0,0,0.276888497317000, ,0,0.000000000000000, 
150,MW,2019, ,OAH_SfM17,3,2.5000000,1.0000000,0,PMEA,0,BR,0,5,TLS,2, ,0, ,0, ,0,0, ,0,0, ,0,0,0.308276450582000, ,0,0.000000000000000, 
151,MW,2019, ,OAH_SfM17,3,2.5000000,1.0000000,0,PMEA,0,BR,0,0, ,0, ,0, ,0, ,0,0, ,0,0, ,0,0,0.141941713523000, ,0,0.000000000000000, 
152,MW,2019, ,OAH_SfM17,3,2.5000000,1.0000000,0,MCAP,0,EM,0,2, ,0, ,0, ,0, ,0,0, ,0,0, ,0,0,0.158348507151000, ,0,0.000000000000000, 
153,MW,2019, ,OAH_SfM17,5,2.5000000,1.0000000,0,PMEA,0,KN,0,0, ,0, ,0, ,0, ,0,0, ,0,0, ,0,0,0.067963592880700, ,0,0.000000000000000, 
154,MW,2019, ,OAH_SfM17,5,2.5000000,1.0000000,0,PMEA,0,KN,0,0, ,0, ,0, ,0, ,0,0, ,0,0, ,0,0,0.070470560389400, ,0,0.000000000000000, 
155,MW,2019, ,OAH_SfM17,5,2.5000000,1.0000000,0,MCAP,0,EM,0,1, ,0, ,0, ,0, ,0,0, ,0,0, ,0,0,0.118920686886000, ,0,0.000000000000000, 
156,MW,2019, ,OAH_SfM17,1,2.5000000,1.0000000,0,PMEA,0,KN,0,0, ,0, ,0, ,0, ,0,0, ,0,0, ,0,0,0.073133097075900, ,0,0.000000000000000, 
157,MW,2019, ,OAH_SfM17,1,2.5000000,1.0000000,0,MCAP,0,EM,0,0, ,0, ,0, ,0, ,0,0, ,0,0, ,0,0,0.053280014286100, ,0,0.000000000000000, 
158,MW,2019, ,OAH_SfM17,1,2.5000000,1.0000000,0,MPAT,0,EM,0,20, ,0, ,0, ,0, ,0,0, ,0,0, ,0,0,0.266170771967000, ,0,0.000000000000000, 
159,MW,2019, ,OAH_SfM17,1,2.5000000,1.0000000,0,PLOB,0,MD,0,0, ,0, ,0, ,0, ,0,0, ,0,0, ,0,0,0.062973407580600, ,0,0.000000000000000, 
160,MW,2019, ,OAH_SfM17,1,2.5000000,1.0000000,0,MPAT,0,EM,0,55, ,0, ,0, ,0,ALG,3,0, ,0,0, ,0,0,0.218623420777000, ,0,0.000000000000000, 
161,MW,2019, ,OAH_SfM17,1,2.5000000,1.0000000,0,PLOB,0,EM,0,15, ,0, ,0, ,0, ,0,0, ,0,0, ,0,0,0.086107433960300, ,0,0.000000000000000, 
162,MW,2019, ,OAH_SfM17,3,2.5000000,1.0000000,0,PMEA,0,BR,0,0, ,0, ,0, ,0, ,0,0, ,0,0, ,0,0,0.101686774615000, ,0,0.000000000000000, 
163,MW,2019, ,OAH_SfM17,3,2.5000000,1.0000000,0,MPAT,0,EM,0,2, ,0, ,0, ,0, ,0,0, ,0,0, ,0,0,0.095179882306600, ,0,0.000000000000000, 
164,MW,2019, ,OAH_SfM17,3,2.5000000,1.0000000,0,MPAT,0,EM,0,5, ,0, ,0, ,0, ,0,0, ,0,0, ,0,0,0.176229962261000, ,0,0.000000000000000, 
165,MW,2019, ,OAH_SfM17,3,2.5000000,1.0000000,0,PMEA,0,KN,0,5, ,0, ,0, ,0, ,0,0, ,0,0, ,0,0,0.085552148284300, ,0,0.000000000000000, 
166,MW,2019, ,OAH_SfM17,3,2.5000000,1.0000000,0,PMEA,0,KN,0,0, ,0, ,0, ,0, ,0,0, ,0,0, ,0,0,0.068937653689100, ,0,0.000000000000000, 
167,MW,2019, ,OAH_SfM17,3,2.5000000,1.0000000,0,MPAT,0,EM,0,5, ,0, ,0, ,0, ,0,0, ,0,0, ,0,0,0.166815376864000, ,0,0.000000000000000, 
168,MA,2019, ,SfM18,1,2.5000000,1.0000000,0,PMEA,0,BR,0,0, ,0, ,0, ,0, ,0,0, ,0,0, ,0,0,0.049650176148600, ,0,0.000000000000000, 
169,MA,2019, ,SfM18,1,2.5000000,1.0000000,0,PLOB,0,MD,0,0, ,0, ,0, ,0, ,0,0, ,0,0, ,0,0,0.077854028929700, ,0,0.000000000000000, 
170,MA,2019, ,SfM18,1,2.5000000,1.0000000,0,POSP,0,MD,0,0, ,0, ,0, ,0, ,0,0, ,0,0, ,0,0,0.012841339894500, ,0,0.000000000000000, 
171,MA,2019, ,SfM18,1,2.5000000,1.0000000,0,PLOB,0,MD,0,0, ,0, ,0, ,0, ,0,0, ,0,0, ,0,0,0.052086946711100, ,0,0.000000000000000, 
172,MA,2019, ,SfM18,1,2.5000000,1.0000000,0,PLOB,0,MD,0,0, ,0, ,0, ,0, ,0,0, ,0,0, ,0,0,0.064771598663400, ,0,0.000000000000000, 
173,MA,2019, ,SfM18,1,2.5000000,1.0000000,0,PLOB,0,MD,0,0, ,0, ,0, ,0, ,0,0, ,0,0, ,0,0,0.051210252173700, ,0,0.000000000000000, 
174,MA,2019, ,SfM18,1,2.5000000,1.0000000,0,PLOB,0,MD,0,40, ,0, ,0, ,0, ,0,0, ,0,0, ,0,0,0.056935138746100, ,0,0.000000000000000, 
175,MA,2019, ,SfM18,1,2.5000000,1.0000000,0,PLOB,0,MD,0,20, ,0, ,0, ,0, ,0,0, ,0,0, ,0,0,0.079971556955900, ,0,0.000000000000000, 
176,MA,2019, ,SfM18,3,2.5000000,1.0000000,0,PLOB,0,MD,0,5, ,0, ,0, ,0, ,0,0, ,0,0, ,0,0,0.367058919395000, ,0,0.000000000000000, 
177,MA,2019, ,SfM18,3,2.5000000,1.0000000,0,PLOB,0,MD,0,25,FISH,2, ,0, ,0, ,0,0, ,0,0, ,0,0,0.159984999050000, ,0,0.000000000000000, 
178,MA,2019, ,SfM18,3,2.5000000,1.0000000,0,PLOB,0,MD,0,0, ,0, ,0, ,0, ,0,0, ,0,0, ,0,0,0.054520179710100, ,0,0.000000000000000, 
179,MA,2019, ,SfM18,3,2.5000000,1.0000000,0,PLOB,0,MD,0,7, ,0, ,0, ,0,SGA,2,0, ,0,0, ,0,0,0.221121255678000, ,0,0.000000000000000, 
180,MA,2019, ,SfM18,3,2.5000000,1.0000000,0,PMEA,0,BR,0,0, ,0, ,0, ,0, ,0,0, ,0,0, ,0,0,0.034720744029500, ,0,0.000000000000000, 
181,MA,2019, ,SfM18,3,2.5000000,1.0000000,0,PMEA,0,BR,0,60, ,0, ,0, ,0,BLE,85,3, ,0,0, ,0,0,0.196060322200000, ,0,0.000000000000000, 
182,MA,2019, ,SfM18,3,2.5000000,1.0000000,0,MCAP,0,EF,0,0, ,0, ,0, ,0, ,0,0, ,0,0, ,0,0,0.056245976348600, ,0,0.000000000000000, 
183,MA,2019, ,SfM18,3,2.5000000,1.0000000,0,PLOB,0,MD,0,0, ,0, ,0, ,0, ,0,0, ,0,0, ,0,0,0.052160137763100, ,0,0.000000000000000, 
184,MA,2019, ,SfM18,3,2.5000000,1.0000000,0,PLOB,0,MD,0,30, ,0, ,0, ,0, ,0,0, ,0,0, ,0,0,0.409388714752000, ,0,0.000000000000000, 
185,MA,2019, ,SfM18,3,2.5000000,1.0000000,0,PLOB,0,MD,0,30, ,0, ,0, ,0, ,0,0, ,0,0, ,0,0,0.407545543412000, ,0,0.000000000000000, 
186,MA,2019, ,SfM18,3,2.5000000,1.0000000,0,PLOB,0,MD,0,65, ,0, ,0, ,0, ,0,0, ,0,0, ,0,0,0.247769650858000, ,0,0.000000000000000, 
187,MA,2019, ,SfM18,3,2.5000000,1.0000000,0,PLOB,0,MD,0,25, ,0, ,0, ,0, ,0,0, ,0,0, ,0,0,0.210381606025000, ,0,0.000000000000000, 
188,MA,2019, ,SfM18,3,2.5000000,1.0000000,0,MCAP,0,EF,0,0, ,0, ,0, ,0, ,0,0, ,0,0, ,0,0,0.028129877467000, ,0,0.000000000000000, 
189,MW,2019, ,OAH_SfM18,1,2.5000000,1.0000000,0,PLOB,0,MD,0,0, ,0, ,0, ,0, ,0,0, ,0,0, ,0,0,0.051617827022800, ,0,0.000000000000000, 
190,MW,2019, ,OAH_SfM18,1,2.5000000,1.0000000,0,PLOB,0,MD,0,0, ,0, ,0, ,0, ,0,0, ,0,0, ,0,0,0.062087679425800, ,0,0.000000000000000, 
191,MW,2019, ,OAH_SfM18,1,2.5000000,1.0000000,0,PLOB,0,MD,0,30, ,0, ,0, ,0, ,0,0, ,0,0, ,0,0,0.066289742812300, ,0,0.000000000000000, 
192,MW,2019, ,OAH_SfM18,1,2.5000000,1.0000000,0,PLOB,0,MD,0,2, ,0, ,0, ,0, ,0,0, ,0,0, ,0,0,0.360120924820000, ,0,0.000000000000000, 
193,MW,2019, ,OAH_SfM18,1,2.5000000,1.0000000,0,PLOB,0,MD,0,20, ,0, ,0, ,0, ,0,0, ,0,0, ,0,0,0.147889824260000, ,0,0.000000000000000, 
194,MW,2019, ,OAH_SfM18,1,2.5000000,1.0000000,0,PLOB,0,MD,0,0, ,0, ,0, ,0, ,0,0, ,0,0, ,0,0,0.056360002349800, ,0,0.000000000000000, 
195,MW,2019, ,OAH_SfM18,1,2.5000000,1.0000000,0,PLOB,0,MD,0,0, ,0, ,0, ,0, ,0,0, ,0,0, ,0,0,0.077914119017500, ,0,0.000000000000000, 
196,MW,2019, ,OAH_SfM18,1,2.5000000,1.0000000,0,PLOB,0,MD,0,0, ,0, ,0, ,0, ,0,0, ,0,0, ,0,0,0.067184001555900, ,0,0.000000000000000, 
197,MW,2019, ,OAH_SfM18,1,2.5000000,1.0000000,0,PMEA,0,KN,0,0, ,0, ,0, ,0, ,0,0, ,0,0, ,0,0,0.046740239292000, ,0,0.000000000000000, 
198,MW,2019, ,OAH_SfM18,1,2.5000000,1.0000000,0,PLOB,0,MD,0,0, ,0, ,0, ,0, ,0,0, ,0,0, ,0,0,0.076383375791200, ,0,0.000000000000000, 
199,MW,2019, ,OAH_SfM18,1,2.5000000,1.0000000,0,PLOB,0,MD,0,5, ,0, ,0, ,0, ,0,0, ,0,0, ,0,0,0.221707938976000, ,0,0.000000000000000, 
200,MW,2019, ,OAH_SfM18,1,2.5000000,1.0000000,0,PLOB,0,MD,0,25, ,0, ,0, ,0, ,0,0, ,0,0, ,0,0,0.053151858571700, ,0,0.000000000000000, 
201,MW,2019, ,OAH_SfM18,1,2.5000000,1.0000000,0,PMEA,0,BR,0,55, ,5, ,0, ,0,BLE,85,1, ,0,0, ,0,0,0.151454613121000, ,0,0.000000000000000, 
202,MW,2019, ,OAH_SfM18,1,2.5000000,1.0000000,0,MCAP,0,EM,0,0, ,0, ,0, ,0, ,0,0, ,0,0, ,0,0,0.026086202378400, ,0,0.000000000000000, 
203,MW,2019, ,OAH_SfM18,1,2.5000000,1.0000000,0,MCAP,0,EM,0,0, ,0, ,0, ,0, ,0,0, ,0,0, ,0,0,0.045534271455900, ,0,0.000000000000000, 
204,MW,2019, ,OAH_SfM18,1,2.5000000,1.0000000,0,PLOB,0,MD,0,0, ,0, ,0, ,0, ,0,0, ,0,0, ,0,0,0.050359110705400, ,0,0.000000000000000, 
205,MW,2019, ,OAH_SfM18,1,2.5000000,1.0000000,0,PLOB,0,MD,0,40, ,0, ,0, ,0, ,0,0, ,0,0, ,0,0,0.419351940681000, ,0,0.000000000000000, 
206,MW,2019, ,OAH_SfM18,1,2.5000000,1.0000000,0,PLOB,0,MD,0,35, ,0, ,0, ,0, ,0,0, ,0,0, ,0,0,0.422317654122000, ,0,0.000000000000000, 
207,MW,2019, ,OAH_SfM18,1,2.5000000,1.0000000,0,PLOB,0,MD,0,70, ,0, ,0, ,0, ,0,0, ,0,0, ,0,0,0.240323199151000, ,0,0.000000000000000, 
208,MW,2019, ,OAH_SfM18,1,2.5000000,1.0000000,0,PLOB,0,MD,0,30, ,0, ,0, ,0, ,0,0, ,0,0, ,0,0,0.196612842811000, ,0,0.000000000000000, 
209,MA,2019, ,SfM19,1,2.5000000,1.0000000,0,PMEA,0,BR,0,0, ,0, ,0, ,0, ,0,0, ,0,0, ,0,0,0.335147131493000, ,0,0.000000000000000, 
210,MA,2019, ,SfM19,1,2.5000000,1.0000000,0,PMEA,0,BR,0,5,FISH,1, ,0, ,0, ,0,0, ,0,0, ,0,0,0.320569399251000, ,0,0.000000000000000, 
211,MA,2019, ,SfM19,1,2.5000000,1.0000000,0,PMEA,0,BR,0,80,TLS,50, ,0, ,0, ,0,0, ,0,0, ,0,0,0.413933931950000, ,0,0.000000000000000, 
212,MA,2019, ,SfM19,1,2.5000000,1.0000000,0,PLOB,0,EF,0,10, ,0, ,0, ,0,ALG,5,0, ,0,0, ,0,0,0.260615616956000, ,0,0.000000000000000, 
213,MA,2019, ,SfM19,1,2.5000000,1.0000000,0,PLOB,0,MD,0,45, ,0, ,0, ,0, ,0,0, ,0,0, ,0,0,0.352088753114000, ,0,0.000000000000000, 
214,MA,2019, ,SfM19,1,2.5000000,1.0000000,0,POSP,0,MD,0,10,FISH,2, ,0, ,0, ,0,0, ,0,0, ,0,0,0.155806964206000, ,0,0.000000000000000, 
215,MA,2019, ,SfM19,1,2.5000000,1.0000000,0,PMEA,0,BR,0,0, ,0, ,0, ,0, ,0,0, ,0,0, ,0,0,0.256933162980000, ,0,0.000000000000000, 
216,MA,2019, ,SfM19,1,2.5000000,1.0000000,0,MPAT,0,EF,0,30, ,0, ,0, ,0, ,0,0, ,0,0, ,0,0,0.285850327761000, ,0,0.000000000000000, 
217,MA,2019, ,SfM19,1,2.5000000,1.0000000,0,MCAP,0,EF,0,0, ,0, ,0, ,0, ,0,0, ,0,0, ,0,0,0.146069332411000, ,0,0.000000000000000, 
218,MA,2019, ,SfM19,1,2.5000000,1.0000000,0,PMEA,0,BR,0,0, ,0, ,0, ,0, ,0,0, ,0,0, ,0,0,0.191300940807000, ,0,0.000000000000000, 
219,MA,2019, ,SfM19,3,2.5000000,1.0000000,0,PMEA,0,BR,0,0, ,0, ,0, ,0, ,0,0, ,0,0, ,0,0,0.229848929449000, ,0,0.000000000000000, 
220,MA,2019, ,SfM19,3,2.5000000,1.0000000,0,PLOB,0,EF,0,40,FISH,2, ,0, ,0, ,0,0, ,0,0, ,0,0,0.578377325484000, ,0,0.000000000000000, 
221,MA,2019, ,SfM19,3,2.5000000,1.0000000,0,PMEA,0,BR,0,0, ,0, ,0, ,0, ,0,0, ,0,0, ,0,0,0.123670045010000, ,0,0.000000000000000, 
222,MA,2019, ,SfM19,3,2.5000000,1.0000000,0,PLOB,0,EF,0,0, ,0, ,0, ,0, ,0,0, ,0,0, ,0,0,0.057301396409900, ,0,0.000000000000000, 
223,MA,2019, ,SfM19,3,2.5000000,1.0000000,0,PMEA,0,BR,0,0, ,0, ,0, ,0, ,0,0, ,0,0, ,0,0,0.135978601715000, ,0,0.000000000000000, 
224,MA,2019, ,SfM19,3,2.5000000,1.0000000,0,MCAP,0,EF,0,7, ,0, ,0, ,0,BLE,70,4, ,0,0, ,0,0,0.231557530405000, ,0,0.000000000000000, 
225,MA,2019, ,SfM19,3,2.5000000,1.0000000,0,PLOB,0,EF,0,30, ,0, ,0, ,0, ,0,0, ,0,0, ,0,0,0.402937774481000, ,0,0.000000000000000, 
226,MA,2019, ,SfM19,3,2.5000000,1.0000000,0,PLOB,0,EF,0,40,FISH,5, ,0, ,0, ,0,0, ,0,0, ,0,0,0.131123948663000, ,0,0.000000000000000, 
227,MA,2019, ,SfM19,3,2.5000000,1.0000000,0,PLOB,0,EF,0,0, ,0, ,0, ,0, ,0,0, ,0,0, ,0,0,0.026273370964000, ,0,0.000000000000000, 
228,MA,2019, ,SfM19,3,2.5000000,1.0000000,0,MCAP,0,EF,0,0, ,0, ,0, ,0, ,0,0, ,0,0, ,0,0,0.038108530142500, ,0,0.000000000000000, 
229,MA,2019, ,SfM19,3,2.5000000,1.0000000,0,PLOB,0,EF,0,0, ,0, ,0, ,0, ,0,0, ,0,0, ,0,0,0.029906856110700, ,0,0.000000000000000, 
230,MA,2019, ,SfM19,3,2.5000000,1.0000000,0,MCAP,0,EF,0,60, ,0, ,0, ,0,BLE,30,4, ,0,0, ,0,0,0.117218854921000, ,0,0.000000000000000, 
231,MA,2019, ,SfM19,3,2.5000000,1.0000000,0,PLOB,0,MD,0,50, ,0, ,0, ,0,ALG,2,0, ,0,0, ,0,0,0.200706951201000, ,0,0.000000000000000, 
232,MA,2019, ,SfM19,5,2.5000000,1.0000000,0,PMEA,0,BR,0,0, ,0, ,0, ,0, ,0,0, ,0,0, ,0,0,0.051217282007900, ,0,0.000000000000000, 
233,MA,2019, ,SfM19,5,2.5000000,1.0000000,0,PMEA,0,BR,0,0, ,0, ,0, ,0, ,0,0, ,0,0, ,0,0,0.099069924403100, ,0,0.000000000000000, 
234,MA,2019, ,SfM19,5,2.5000000,1.0000000,0,PMEA,0,BR,0,70,TLS,90, ,0, ,0,BLE,100,4, ,0,0, ,0,0,0.334730355241000, ,0,0.000000000000000, 
235,MA,2019, ,SfM19,5,2.5000000,1.0000000,0,PMEA,0,BR,0,95, ,0, ,0, ,0, ,0,0, ,0,0, ,0,0,0.343767726922000, ,0,0.000000000000000, 
236,MA,2019, ,SfM19,1,2.5000000,1.0000000,0,PMEA,0,BR,0,75, ,0, ,0, ,0, ,0,0, ,0,0, ,0,0,0.419820556522000, ,0,0.000000000000000, 
237,MW,2019, ,OAH_SfM19,1,2.5000000,1.0000000,0,PMEA,0,BR,0,0, ,0, ,0, ,0, ,0,0, ,0,0, ,0,0,0.334160874059000, ,0,0.000000000000000, 
238,MW,2019, ,OAH_SfM19,1,2.5000000,1.0000000,0,PLOB,0,MD,0,25, ,0, ,0, ,0, ,0,0, ,0,0, ,0,0,0.148959658897000, ,0,0.000000000000000, 
239,MW,2019, ,OAH_SfM19,1,2.5000000,1.0000000,0,PMEA,0,BR,0,0, ,0, ,0, ,0, ,0,0, ,0,0, ,0,0,0.245216394908000, ,0,0.000000000000000, 
240,MW,2019, ,OAH_SfM19,1,2.5000000,1.0000000,0,MPAT,0,EM,0,6, ,0, ,0, ,0,BIN,5,0, ,0,0, ,0,0,0.284888837608000, ,0,0.000000000000000, 
241,MW,2019, ,OAH_SfM19,1,2.5000000,1.0000000,0,PMEA,0,BR,0,0, ,0, ,0, ,0, ,0,0, ,0,0, ,0,0,0.204933256675000, ,0,0.000000000000000, 
242,MW,2019, ,OAH_SfM19,3,2.5000000,1.0000000,0,PMEA,0,BR,0,5, ,0, ,0, ,0, ,0,0, ,0,0, ,0,0,0.127101101203000, ,0,0.000000000000000, 
243,MW,2019, ,OAH_SfM19,3,2.5000000,1.0000000,0,PMEA,0,BR,0,0,FISH,1, ,0, ,0, ,0,0, ,0,0, ,0,0,0.224177652280000, ,0,0.000000000000000, 
244,MW,2019, ,OAH_SfM19,3,2.5000000,1.0000000,0,PLOB,0,EM,0,60, ,0, ,0, ,0,ALG,1,0, ,0,0, ,0,0,0.216573520804000, ,0,0.000000000000000, 
245,MW,2019, ,OAH_SfM19,3,2.5000000,1.0000000,0,PMEA,0,BR,0,98, ,0, ,0, ,0, ,0,0, ,0,0, ,0,0,0.533295415527000, ,0,0.000000000000000, 
246,MW,2019, ,OAH_SfM19,5,2.5000000,1.0000000,0,PMEA,-1,KN,0,0, ,0, ,0, ,0, ,0,0, ,0,0, ,0,0,0.101004603021000, ,0,0.000000000000000, 
247,MW,2019, ,OAH_SfM19,1,2.5000000,1.0000000,0,PMEA,0,BR,0,80,TLS,50, ,0, ,0, ,0,0, ,0,0, ,0,0,0.407521643339000, ,0,0.000000000000000, 
248,MW,2019, ,OAH_SfM19,1,2.5000000,1.0000000,0,PMEA,0,BR,0,2, ,0, ,0, ,0, ,0,0, ,0,0, ,0,0,0.318954574729000, ,0,0.000000000000000, 
249,MW,2019, ,OAH_SfM19,1,2.5000000,1.0000000,0,PLOB,0,EM,0,5, ,0, ,0, ,0, ,0,0, ,0,0, ,0,0,0.108826466941000, ,0,0.000000000000000, 
250,MW,2019, ,OAH_SfM19,1,2.5000000,1.0000000,0,PLOB,0,MD,0,5, ,0, ,0, ,0, ,0,0, ,0,0, ,0,0,0.144525291656000, ,0,0.000000000000000, 
251,MW,2019, ,OAH_SfM19,1,2.5000000,1.0000000,0,PLOB,0,EM,0,10, ,0, ,0, ,0, ,0,0, ,0,0, ,0,0,0.060106737709500, ,0,0.000000000000000, 
252,MW,2019, ,OAH_SfM19,1,2.5000000,1.0000000,0,PMEA,0,BR,0,0, ,0, ,0, ,0, ,0,0, ,0,0, ,0,0,0.301693519799000, ,0,0.000000000000000, 
253,MW,2019, ,OAH_SfM19,1,2.5000000,1.0000000,0,MCAP,0,EM,0,0, ,0, ,0, ,0, ,0,0, ,0,0, ,0,0,0.137849192783000, ,0,0.000000000000000, 
254,MW,2019, ,OAH_SfM19,1,2.5000000,1.0000000,0,PMEA,0,BR,0,0, ,0, ,0, ,0, ,0,0, ,0,0, ,0,0,0.201221121886000, ,0,0.000000000000000, 
255,MW,2019, ,OAH_SfM19,3,2.5000000,1.0000000,0,PLOB,0,EM,0,30, ,0, ,0, ,0, ,0,0, ,0,0, ,0,0,0.389304316202000, ,0,0.000000000000000, 
256,MW,2019, ,OAH_SfM19,3,2.5000000,1.0000000,0,PMEA,0,KN,0,0, ,0, ,0, ,0, ,0,0, ,0,0, ,0,0,0.133469285492000, ,0,0.000000000000000, 
257,MW,2019, ,OAH_SfM19,3,2.5000000,1.0000000,0,MCAP,0,EM,0,5, ,0, ,0, ,0, ,0,0, ,0,0, ,0,0,0.244960098041000, ,0,0.000000000000000, 
258,MW,2019, ,OAH_SfM19,3,2.5000000,1.0000000,0,PMEA,0,BR,0,0,FISH,1, ,0, ,0, ,0,0, ,0,0, ,0,0,0.224177652280000, ,0,0.000000000000000, 
259,MW,2019, ,OAH_SfM19,5,2.5000000,1.0000000,0,PMEA,0,BR,0,90,TLS,75, ,0, ,0,BLE,100,4, ,0,0, ,0,0,0.328242898539000, ,0,0.000000000000000, 
260,MW,2019, ,OAH_SfM19,3,2.5000000,1.0000000,0,PLOB,0,MD,0,50,FISH,2, ,0, ,0, ,0,0, ,0,0, ,0,0,0.845031372362000, ,0,0.000000000000000, 
261,MW,2019, ,OAH_SfM21,1,2.5000000,1.0000000,0,PLOB,0,MD,0,0, ,0, ,0, ,0, ,0,0, ,0,0, ,0,0,0.036454082019700, ,0,0.000000000000000, 
262,MW,2019, ,OAH_SfM21,1,2.5000000,1.0000000,0,PLOB,0,EM,0,0, ,0, ,0, ,0, ,0,0, ,0,0, ,0,0,0.107592239875000, ,0,0.000000000000000, 
263,MW,2019, ,OAH_SfM21,1,2.5000000,1.0000000,0,PLOB,0,MD,0,10, ,0, ,0, ,0, ,0,0, ,0,0, ,0,0,0.177766645084000, ,0,0.000000000000000, 
264,MW,2019, ,OAH_SfM21,1,2.5000000,1.0000000,0,PLOB,0,MD,0,0, ,0, ,0, ,0, ,0,0, ,0,0, ,0,0,0.054988818321000, ,0,0.000000000000000, 
265,MW,2019, ,OAH_SfM21,1,2.5000000,1.0000000,0,PLOB,0,MD,0,75, ,0, ,0, ,0, ,0,0, ,0,0, ,0,0,0.086489594695600, ,0,0.000000000000000, 
266,MW,2019, ,OAH_SfM21,1,2.5000000,1.0000000,0,PLOB,0,EM,0,15, ,0, ,0, ,0, ,0,0, ,0,0, ,0,0,0.128882466035000, ,0,0.000000000000000, 
267,MW,2019, ,OAH_SfM21,1,2.5000000,1.0000000,0,PLOB,0,MD,0,20, ,0, ,0, ,0, ,0,0, ,0,0, ,0,0,0.099747080368300, ,0,0.000000000000000, 
268,MW,2019, ,OAH_SfM21,3,2.5000000,1.0000000,0,PLOB,0,EM,0,1, ,0, ,0, ,0, ,0,0, ,0,0, ,0,0,0.052617962460700, ,0,0.000000000000000, 
269,MW,2019, ,OAH_SfM21,3,2.5000000,1.0000000,0,PLOB,0,EM,0,0, ,0, ,0, ,0, ,0,0, ,0,0, ,0,0,0.014499999865400, ,0,0.000000000000000, 
270,MW,2019, ,OAH_SfM21,3,2.5000000,1.0000000,0,PLOB,0,EM,0,0, ,0, ,0, ,0, ,0,0, ,0,0, ,0,0,0.027298534948100, ,0,0.000000000000000, 
271,MW,2019, ,OAH_SfM21,3,2.5000000,1.0000000,0,POCS,0,EM,0,0, ,0, ,0, ,0, ,0,0, ,0,0, ,0,0,0.014200000092400, ,0,0.000000000000000, 
272,MW,2019, ,OAH_SfM21,3,2.5000000,1.0000000,0,PLOB,0,EM,0,0, ,0, ,0, ,0, ,0,0, ,0,0, ,0,0,0.032832452906100, ,0,0.000000000000000, 
273,MW,2019, ,OAH_SfM21,3,2.5000000,1.0000000,0,PLOB,0,EM,0,0, ,0, ,0, ,0, ,0,0, ,0,0, ,0,0,0.024820354037100, ,0,0.000000000000000, 
274,MW,2019, ,OAH_SfM21,3,2.5000000,1.0000000,0,PLOB,0,MD,0,2, ,0, ,0, ,0, ,0,0, ,0,0, ,0,0,0.061920674219800, ,0,0.000000000000000, 
275,MW,2019, ,OAH_SfM21,3,2.5000000,1.0000000,0,PLOB,0,EM,0,35, ,0, ,0, ,0, ,0,0, ,0,0, ,0,0,0.069543152225000, ,0,0.000000000000000, 
276,MW,2019, ,OAH_SfM21,5,2.5000000,1.0000000,0,PLOB,0,EM,0,0, ,0, ,0, ,0, ,0,0, ,0,0, ,0,0,0.086680389451300, ,0,0.000000000000000, 
277,MW,2019, ,OAH_SfM21,5,2.5000000,1.0000000,0,PLOB,0,EM,0,0, ,0, ,0, ,0, ,0,0, ,0,0, ,0,0,0.027860545372200, ,0,0.000000000000000, 
278,MW,2019, ,OAH_SfM21,5,2.5000000,1.0000000,0,PLOB,0,EM,0,2, ,0, ,0, ,0, ,0,0, ,0,0, ,0,0,0.110558763010000, ,0,0.000000000000000, 
279,MW,2019, ,OAH_SfM21,5,2.5000000,1.0000000,0,PLOB,0,EM,0,0, ,0, ,0, ,0, ,0,0, ,0,0, ,0,0,0.024622347855900, ,0,0.000000000000000, 
280,MW,2019, ,OAH_SfM21,5,2.5000000,1.0000000,0,PLOB,0,EM,0,30, ,0, ,0, ,0, ,0,0, ,0,0, ,0,0,0.122223769145000, ,0,0.000000000000000, 
281,MW,2019, ,OAH_SfM21,5,2.5000000,1.0000000,0,PLOB,0,EM,0,55, ,0, ,0, ,0, ,0,0, ,0,0, ,0,0,0.184641762167000, ,0,0.000000000000000, 
282,MW,2019, ,OAH_SfM21,5,2.5000000,1.0000000,0,PLOB,0,EM,0,0, ,0, ,0, ,0, ,0,0, ,0,0, ,0,0,0.034615749039500, ,0,0.000000000000000, 
283,MW,2019, ,OAH_SfM21,5,2.5000000,1.0000000,0,PLOB,0,EM,0,0, ,0, ,0, ,0, ,0,0, ,0,0, ,0,0,0.034205262756200, ,0,0.000000000000000, 
284,MW,2019, ,OAH_SfM21,5,2.5000000,1.0000000,0,MPAT,0,EM,0,0, ,0, ,0, ,0, ,0,0, ,0,0, ,0,0,0.016720047517200, ,0,0.000000000000000, 
285,MW,2019, ,OAH_SfM21,5,2.5000000,1.0000000,0,PLOB,0,MD,0,40, ,0, ,0, ,0, ,0,0, ,0,0, ,0,0,0.100219958165000, ,0,0.000000000000000, 
286,MW,2019, ,OAH_SfM21,5,2.5000000,1.0000000,0,PLOB,0,MD,0,70, ,0, ,0, ,0, ,0,0, ,0,0, ,0,0,0.082869656854600, ,0,0.000000000000000, 
287,MW,2019, ,OAH_SfM21,5,2.5000000,1.0000000,0,PLOB,0,MD,0,0, ,0, ,0, ,0, ,0,0, ,0,0, ,0,0,0.070558061709000, ,0,0.000000000000000, 
288,MW,2019, ,OAH_SfM21,5,2.5000000,1.0000000,0,PLOB,0,MD,0,0, ,0, ,0, ,0, ,0,0, ,0,0, ,0,0,0.211720216306000, ,0,0.000000000000000, 
289,MW,2019, ,OAH_SfM21,5,2.5000000,1.0000000,0,PLOB,0,MD,0,0, ,0, ,0, ,0, ,0,0, ,0,0, ,0,0,0.027658813918400, ,0,0.000000000000000, 
290,MW,2019, ,OAH_SfM21,5,2.5000000,1.0000000,0,PLOB,0,MD,0,0, ,0, ,0, ,0, ,0,0, ,0,0, ,0,0,0.060628788353200, ,0,0.000000000000000, 
291,MW,2019, ,OAH_SfM21,5,2.5000000,1.0000000,0,PLOB,0,MD,0,80, ,0, ,0, ,0, ,0,0, ,0,0, ,0,0,0.074106747185800, ,0,0.000000000000000, 
292,MW,2019, ,OAH_SfM21,5,2.5000000,1.0000000,0,PLOB,0,MD,0,30, ,0, ,0, ,0, ,0,0, ,0,0, ,0,0,0.086584639848000, ,0,0.000000000000000, 
293,MW,2019, ,OAH_SfM21,5,2.5000000,1.0000000,0,PLOB,0,EM,0,0, ,0, ,0, ,0, ,0,0, ,0,0, ,0,0,0.051118881675600, ,0,0.000000000000000, 
294,MW,2019, ,OAH_SfM21,5,2.5000000,1.0000000,0,PLOB,0,MD,0,3, ,0, ,0, ,0, ,0,0, ,0,0, ,0,0,0.058539986239900, ,0,0.000000000000000, 
295,MW,2019, ,OAH_SfM21,5,2.5000000,1.0000000,0,PLOB,0,MD,0,0, ,0, ,0, ,0, ,0,0, ,0,0, ,0,0,0.087867683948300, ,0,0.000000000000000, 
296,MW,2019, ,OAH_SfM21,5,2.5000000,1.0000000,0,PLOB,0,MD,0,0, ,0, ,0, ,0, ,0,0, ,0,0, ,0,0,0.058292797070300, ,0,0.000000000000000, 
297,MW,2019, ,OAH_SfM21,5,2.5000000,1.0000000,0,PLOB,0,EM,0,0, ,0, ,0, ,0, ,0,0, ,0,0, ,0,0,0.036060642326300, ,0,0.000000000000000, 
298,MW,2019, ,OAH_SfM21,5,2.5000000,1.0000000,0,PLOB,0,EM,0,0, ,0, ,0, ,0, ,0,0, ,0,0, ,0,0,0.024530796149900, ,0,0.000000000000000, 
299,MW,2019, ,OAH_SfM21,1,2.5000000,1.0000000,0,PLOB,0,EM,0,0, ,0, ,0, ,0, ,0,0, ,0,0, ,0,0,0.021270870527600, ,0,0.000000000000000, 
300,MW,2019, ,OAH_SfM21,1,2.5000000,1.0000000,0,PLOB,0,EM,0,0, ,0, ,0, ,0, ,0,0, ,0,0, ,0,0,0.014342245213700, ,0,0.000000000000000, 
301,MW,2019, ,OAH_SfM21,1,2.5000000,1.0000000,0,PLOB,0,EM,0,0, ,0, ,0, ,0, ,0,0, ,0,0, ,0,0,0.024035390405500, ,0,0.000000000000000, 
302,MW,2019, ,OAH_SfM21,1,2.5000000,1.0000000,0,PLOB,0,EM,0,0, ,0, ,0, ,0, ,0,0, ,0,0, ,0,0,0.050965968404200, ,0,0.000000000000000, 
303,MW,2019, ,OAH_SfM21,1,2.5000000,1.0000000,0,PLOB,0,MD,0,0, ,0, ,0, ,0, ,0,0, ,0,0, ,0,0,0.041905847311300, ,0,0.000000000000000, 
304,MW,2019, ,OAH_SfM21,1,2.5000000,1.0000000,0,PLOB,0,MD,0,0, ,0, ,0, ,0, ,0,0, ,0,0, ,0,0,0.097510255994600, ,0,0.000000000000000, 
305,MW,2019, ,OAH_SfM21,1,2.5000000,1.0000000,0,PLOB,0,MD,0,5, ,0, ,0, ,0, ,0,0, ,0,0, ,0,0,0.090354855869800, ,0,0.000000000000000, 
306,MW,2019, ,OAH_SfM21,3,2.5000000,1.0000000,0,PLOB,0,EM,0,0, ,0, ,0, ,0, ,0,0, ,0,0, ,0,0,0.023100865801700, ,0,0.000000000000000, 
307,MW,2019, ,OAH_SfM21,3,2.5000000,1.0000000,0,UNKN,0,EM,0,0, ,0, ,0, ,0, ,0,0, ,0,0, ,0,0,0.016985287388300, ,0,0.000000000000000, 
308,MW,2019, ,OAH_SfM21,3,2.5000000,1.0000000,0,PLOB,0,EM,0,0, ,0, ,0, ,0, ,0,0, ,0,0, ,0,0,0.022095248489600, ,0,0.000000000000000, 
309,MW,2019, ,OAH_SfM21,5,2.5000000,1.0000000,0,PLOB,0,EM,0,0, ,0, ,0, ,0, ,0,0, ,0,0, ,0,0,0.018780042806400, ,0,0.000000000000000, 
310,MW,2019, ,OAH_SfM21,5,2.5000000,1.0000000,0,PLOB,0,EM,0,0, ,0, ,0, ,0, ,0,0, ,0,0, ,0,0,0.044936510076100, ,0,0.000000000000000, 
311,MW,2019, ,OAH_SfM21,5,2.5000000,1.0000000,0,PLOB,0,EM,0,0, ,0, ,0, ,0, ,0,0, ,0,0, ,0,0,0.051271531535800, ,0,0.000000000000000, 
312,MW,2019, ,OAH_SfM21,5,2.5000000,1.0000000,0,PLOB,0,EM,0,0, ,0, ,0, ,0, ,0,0, ,0,0, ,0,0,0.019902262362600, ,0,0.000000000000000, 
313,MW,2019, ,OAH_SfM21,5,2.5000000,1.0000000,0,PLOB,0,EM,0,0, ,0, ,0, ,0, ,0,0, ,0,0, ,0,0,0.022440365510900, ,0,0.000000000000000, 
314,MW,2019, ,OAH_SfM21,5,2.5000000,1.0000000,0,PLOB,0,EM,0,35, ,0, ,0, ,0, ,0,0, ,0,0, ,0,0,0.166018793767000, ,0,0.000000000000000, 
315,MW,2019, ,OAH_SfM21,5,2.5000000,1.0000000,0,PLOB,0,EM,0,0, ,0, ,0, ,0, ,0,0, ,0,0, ,0,0,0.053230160037100, ,0,0.000000000000000, 
316,MW,2019, ,OAH_SfM21,5,2.5000000,1.0000000,0,PLOB,0,MD,0,70, ,0, ,0, ,0, ,0,0, ,0,0, ,0,0,0.070795056022300, ,0,0.000000000000000, 
317,MW,2019, ,OAH_SfM21,5,2.5000000,1.0000000,0,PLOB,0,MD,0,18, ,0, ,0, ,0, ,0,0, ,0,0, ,0,0,0.166624518295000, ,0,0.000000000000000, 
318,MW,2019, ,OAH_SfM21,5,2.5000000,1.0000000,0,PLOB,0,EM,0,15, ,0, ,0, ,0, ,0,0, ,0,0, ,0,0,0.145989725341000, ,0,0.000000000000000, 
319,MW,2019, ,OAH_SfM21,5,2.5000000,1.0000000,0,MCAP,0,EM,0,1, ,0, ,0, ,0,BLE,10,2, ,0,0, ,0,0,0.055438975459000, ,0,0.000000000000000, 
320,MW,2019, ,OAH_SfM21,5,2.5000000,1.0000000,0,PLOB,0,EM,0,0, ,0, ,0, ,0, ,0,0, ,0,0, ,0,0,0.101115033999000, ,0,0.000000000000000, 
321,MW,2019, ,OAH_SfM21,5,2.5000000,1.0000000,0,PLOB,0,MD,0,25, ,0, ,0, ,0, ,0,0, ,0,0, ,0,0,0.101968327835000, ,0,0.000000000000000, 
322,MW,2019, ,OAH_SfM21,5,2.5000000,1.0000000,0,PMEA,0,BR,0,0, ,0, ,0, ,0, ,0,0, ,0,0, ,0,0,0.073787329085100, ,0,0.000000000000000, 
323,MW,2019, ,OAH_SfM21,5,2.5000000,1.0000000,0,PLOB,0,MD,0,0, ,0, ,0, ,0, ,0,0, ,0,0, ,0,0,0.065251819951800, ,0,0.000000000000000, 
324,MA,2019, ,SfM25,1,2.5000000,1.0000000,0,PLOB,0,MD,0,7, ,0, ,0, ,0, ,0,0, ,0,0, ,0,0,0.466877039733000, ,0,0.000000000000000, 
325,MA,2019, ,SfM25,1,2.5000000,1.0000000,0,MPAT,0,EF,0,0, ,0, ,0, ,0, ,0,0, ,0,0, ,0,0,0.125936691200000, ,0,0.000000000000000, 
326,MA,2019, ,SfM25,1,2.5000000,1.0000000,0,PLOB,0,MD,0,75, ,0, ,0, ,0, ,0,0, ,0,0, ,0,0,0.592699999921000, ,0,0.000000000000000, 
327,MA,2019, ,SfM25,1,2.5000000,1.0000000,0,POSP,0,MD,0,95,FISH,2, ,0, ,0, ,0,0, ,0,0, ,0,0,0.546747418488000, ,0,0.000000000000000, 
328,MA,2019, ,SfM25,1,2.5000000,1.0000000,0,PLOB,0,MD,0,10,FISH,3, ,0, ,0, ,0,0, ,0,0, ,0,0,0.172007703269000, ,0,0.000000000000000, 
329,MA,2019, ,SfM25,1,2.5000000,1.0000000,0,POSP,0,EF,0,3, ,0, ,0, ,0, ,0,0, ,0,0, ,0,0,0.092564572028300, ,0,0.000000000000000, 
330,MA,2019, ,SfM25,1,2.5000000,1.0000000,0,PLUT,0,MD,0,15,FISH,5, ,0, ,0, ,0,0, ,0,0, ,0,0,0.526991129276000, ,0,0.000000000000000, 
331,MA,2019, ,SfM25,1,2.5000000,1.0000000,0,PLOB,0,EF,0,10, ,0, ,0, ,0, ,0,0, ,0,0, ,0,0,0.104368961415000, ,0,0.000000000000000, 
332,MA,2019, ,SfM25,3,2.5000000,1.0000000,0,PLOB,0,MD,0,30,FISH,3, ,0, ,0,SGA,3,0, ,0,0, ,0,0,0.385492360297000, ,0,0.000000000000000, 
333,MA,2019, ,SfM25,3,2.5000000,1.0000000,0,PLOB,0,EF,0,25,FISH,2, ,0, ,0,ALG,2,0, ,0,0, ,0,0,0.216232121590000, ,0,0.000000000000000, 
334,MA,2019, ,SfM25,3,2.5000000,1.0000000,0,PLOB,0,EC,0,0,FISH,2, ,0, ,0, ,0,0, ,0,0, ,0,0,0.060840282389600, ,0,0.000000000000000, 
335,MA,2019, ,SfM25,3,2.5000000,1.0000000,0,PLOB,0,MD,0,30,FISH,2, ,0, ,0, ,0,0, ,0,0, ,0,0,0.152292251377000, ,0,0.000000000000000, 
336,MA,2019, ,SfM25,3,2.5000000,1.0000000,0,POSP,0,EF,0,15, ,0, ,0, ,0, ,0,0, ,0,0, ,0,0,0.054654185184800, ,0,0.000000000000000, 
337,MA,2019, ,SfM25,3,2.5000000,1.0000000,0,PLOB,0,MD,0,5, ,0, ,0, ,0, ,0,0, ,0,0, ,0,0,0.048021036351100, ,0,0.000000000000000, 
338,MA,2019, ,SfM25,3,2.5000000,1.0000000,0,PLOB,0,MD,0,5,FISH,5, ,0, ,0, ,0,0, ,0,0, ,0,0,0.110097866073000, ,0,0.000000000000000, 
339,MA,2019, ,SfM25,3,2.5000000,1.0000000,0,PLOB,0,MD,0,2, ,0, ,0, ,0, ,0,0, ,0,0, ,0,0,0.054460444978800, ,0,0.000000000000000, 
340,MA,2019, ,SfM25,3,2.5000000,1.0000000,0,PMEA,0,BR,0,0, ,0, ,0, ,0, ,0,0, ,0,0, ,0,0,0.086045860312600, ,0,0.000000000000000, 
341,MA,2019, ,SfM25,3,2.5000000,1.0000000,0,POSP,0,MD,0,5, ,0, ,0, ,0, ,0,0, ,0,0, ,0,0,0.073667496632100, ,0,0.000000000000000, 
342,MA,2019, ,SfM25,3,2.5000000,1.0000000,0,PLOB,0,EF,0,0, ,0, ,0, ,0, ,0,0, ,0,0, ,0,0,0.041757394356900, ,0,0.000000000000000, 
343,MA,2019, ,SfM25,3,2.5000000,1.0000000,0,PLOB,0,MD,0,20,FISH,7, ,0, ,0, ,0,0, ,0,0, ,0,0,0.227349423053000, ,0,0.000000000000000, 
344,MA,2019, ,SfM25,3,2.5000000,1.0000000,0,PLOB,0,MD,0,15,FISH,3, ,0, ,0, ,0,0, ,0,0, ,0,0,0.209640096971000, ,0,0.000000000000000, 
345,MA,2019, ,SfM25,3,2.5000000,1.0000000,0,PLOB,0,MD,0,15,FISH,1, ,0, ,0, ,0,0, ,0,0, ,0,0,0.146539824638000, ,0,0.000000000000000, 
346,MA,2019, ,SfM25,3,2.5000000,1.0000000,0,PLOB,0,MD,0,0, ,0, ,0, ,0, ,0,0, ,0,0, ,0,0,0.041593268522300, ,0,0.000000000000000, 
347,MA,2019, ,SfM25,3,2.5000000,1.0000000,0,PLOB,0,MD,0,25,TLS,5,FISH,2, ,0, ,0,0, ,0,0, ,0,0,0.286376325398000, ,0,0.000000000000000, 
348,MA,2019, ,SfM25,3,2.5000000,1.0000000,0,PLOB,0,MD,0,50, ,0, ,0, ,0, ,0,0, ,0,0, ,0,0,0.141949075475000, ,0,0.000000000000000, 
349,MA,2019, ,SfM25,5,2.5000000,1.0000000,0,MCAP,0,EF,0,35, ,0, ,0, ,0, ,0,0, ,0,0, ,0,0,0.040363349890900, ,0,0.000000000000000, 
350,MA,2019, ,SfM25,5,2.5000000,1.0000000,0,PMEA,0,BR,0,0, ,0, ,0, ,0, ,0,0, ,0,0, ,0,0,0.063545338295800, ,0,0.000000000000000, 
351,MA,2019, ,SfM25,5,2.5000000,1.0000000,0,MCAP,0,EF,0,0, ,0, ,0, ,0, ,0,0, ,0,0, ,0,0,0.080086203942300, ,0,0.000000000000000, 
352,MA,2019, ,SfM25,5,2.5000000,1.0000000,0,MCAP,0,EF,0,0, ,0, ,0, ,0, ,0,0, ,0,0, ,0,0,0.054052012406500, ,0,0.000000000000000, 
353,MA,2019, ,SfM25,5,2.5000000,1.0000000,0,PLOB,0,MD,0,40, ,0, ,0, ,0,ALG,10,0, ,0,0, ,0,0,0.091426089837200, ,0,0.000000000000000, 
354,MA,2019, ,SfM25,5,2.5000000,1.0000000,0,PLOB,0,MD,0,25,TLS,5, ,0, ,0, ,0,0, ,0,0, ,0,0,0.330449345715000, ,0,0.000000000000000, 
355,MA,2019, ,SfM25,5,2.5000000,1.0000000,0,PLOB,0,MD,0,12, ,0, ,0, ,0, ,0,0, ,0,0, ,0,0,0.147746844469000, ,0,0.000000000000000, 
356,MA,2019, ,SfM25,5,2.5000000,1.0000000,0,PLOB,0,MD,0,5, ,0, ,0, ,0, ,0,0, ,0,0, ,0,0,0.087397254852100, ,0,0.000000000000000, 
357,MA,2019, ,SfM25,5,2.5000000,1.0000000,0,PLOB,0,MD,0,5, ,0, ,0, ,0, ,0,0, ,0,0, ,0,0,0.085946785493400, ,0,0.000000000000000, 
358,MA,2019, ,SfM25,5,2.5000000,1.0000000,0,MCAP,0,EF,0,0, ,0, ,0, ,0, ,0,0, ,0,0, ,0,0,0.073937947534000, ,0,0.000000000000000, 
359,MA,2019, ,SfM25,5,2.5000000,1.0000000,0,MCAP,0,EF,0,0, ,0, ,0, ,0, ,0,0, ,0,0, ,0,0,0.091024448044600, ,0,0.000000000000000, 
360,MA,2019, ,SfM25,5,2.5000000,1.0000000,0,PLOB,0,MD,0,12, ,0, ,0, ,0, ,0,0, ,0,0, ,0,0,0.159925014330000, ,0,0.000000000000000, 
361,MA,2019, ,SfM25,5,2.5000000,1.0000000,0,PLOB,0,MD,0,30, ,0, ,0, ,0, ,0,0, ,0,0, ,0,0,0.237419733337000, ,0,0.000000000000000, 
362,MA,2019, ,SfM25,5,2.5000000,1.0000000,0,PLOB,0,MD,0,55, ,0, ,0, ,0, ,0,0, ,0,0, ,0,0,0.176216485678000, ,0,0.000000000000000, 
363,MA,2019, ,SfM25,5,2.5000000,1.0000000,0,PLOB,0,MD,0,5, ,0, ,0, ,0, ,0,0, ,0,0, ,0,0,0.079192740295400, ,0,0.000000000000000, 
364,MA,2019, ,SfM25,5,2.5000000,1.0000000,0,PLOB,0,MD,0,25,FISH,20, ,0, ,0, ,0,0, ,0,0, ,0,0,0.463749555690000, ,0,0.000000000000000, 
365,MA,2019, ,SfM25,5,2.5000000,1.0000000,0,MCAP,0,EF,0,30, ,0, ,0, ,0, ,0,0, ,0,0, ,0,0,0.077956398466200, ,0,0.000000000000000, 
366,MA,2019, ,SfM25,5,2.5000000,1.0000000,0,POCS,0,BR,0,0, ,0, ,0, ,0, ,0,0, ,0,0, ,0,0,0.019016834058000, ,0,0.000000000000000, 
367,MA,2019, ,SfM25,5,2.5000000,1.0000000,0,POCS,0,BR,0,0, ,0, ,0, ,0, ,0,0, ,0,0, ,0,0,0.015626260069300, ,0,0.000000000000000, 
368,MA,2019, ,SfM25,5,2.5000000,1.0000000,0,POCS,0,BR,0,0, ,0, ,0, ,0, ,0,0, ,0,0, ,0,0,0.021499999798800, ,0,0.000000000000000, 
369,MA,2019, ,SfM25,3,2.5000000,1.0000000,0,PLOB,0,MD,0,15, ,0, ,0, ,0, ,0,0, ,0,0, ,0,0,0.278141493099000, ,0,0.000000000000000, 
370,MA,2019, ,SfM25,3,2.5000000,1.0000000,0,PLOB,0,EF,0,0, ,0, ,0, ,0, ,0,0, ,0,0, ,0,0,0.066144463892500, ,0,0.000000000000000, 
371,MW,2019, ,OAH_SfM25,1,2.5000000,1.0000000,0,PLOB,0,MD,0,10,FISH,5, ,0, ,0, ,0,0, ,0,0, ,0,0,0.171482068639000, ,0,0.000000000000000, 
372,MW,2019, ,OAH_SfM25,1,2.5000000,1.0000000,0,PLOB,0,MD,0,40,FISH,5, ,0, ,0, ,0,0, ,0,0, ,0,0,0.325749136851000, ,0,0.000000000000000, 
373,MW,2019, ,OAH_SfM25,1,2.5000000,1.0000000,0,PLOB,0,MD,0,3, ,0, ,0, ,0, ,0,0, ,0,0, ,0,0,0.459813048991000, ,0,0.000000000000000, 
374,MW,2019, ,OAH_SfM25,1,2.5000000,1.0000000,0,PLOB,0,MD,0,30,FISH,3, ,0, ,0, ,0,0, ,0,0, ,0,0,0.528854157955000, ,0,0.000000000000000, 
375,MW,2019, ,OAH_SfM25,1,2.5000000,1.0000000,0,PLOB,0,MD,0,10, ,0, ,0, ,0, ,0,0, ,0,0, ,0,0,0.108950310571000, ,0,0.000000000000000, 
376,MW,2019, ,OAH_SfM25,3,2.5000000,1.0000000,0,PLOB,0,MD,0,16,FISH,8, ,0, ,0, ,0,0, ,0,0, ,0,0,0.672545388933000, ,0,0.000000000000000, 
377,MW,2019, ,OAH_SfM25,3,2.5000000,1.0000000,0,PLOB,0,MD,0,25,FISH,3, ,0, ,0, ,0,0, ,0,0, ,0,0,0.398126839804000, ,0,0.000000000000000, 
378,MW,2019, ,OAH_SfM25,3,2.5000000,1.0000000,0,PLOB,0,MD,0,0,FISH,3, ,0, ,0, ,0,0, ,0,0, ,0,0,0.058198368388800, ,0,0.000000000000000, 
379,MW,2019, ,OAH_SfM25,3,2.5000000,1.0000000,0,PLOB,0,MD,0,0, ,0, ,0, ,0, ,0,0, ,0,0, ,0,0,0.110923982307000, ,0,0.000000000000000, 
380,MW,2019, ,OAH_SfM25,3,2.5000000,1.0000000,0,PLOB,0,MD,0,40, ,0, ,0, ,0, ,0,0, ,0,0, ,0,0,0.153346991366000, ,0,0.000000000000000, 
381,MW,2019, ,OAH_SfM25,3,2.5000000,1.0000000,0,PLOB,0,EM,0,30, ,0, ,0, ,0, ,0,0, ,0,0, ,0,0,0.052253229660600, ,0,0.000000000000000, 
382,MW,2019, ,OAH_SfM25,3,2.5000000,1.0000000,0,PLOB,0,EM,0,0, ,0, ,0, ,0, ,0,0, ,0,0, ,0,0,0.060615262142000, ,0,0.000000000000000, 
383,MW,2019, ,OAH_SfM25,3,2.5000000,1.0000000,0,PLOB,0,MD,0,20, ,0, ,0, ,0, ,0,0, ,0,0, ,0,0,0.092909687650600, ,0,0.000000000000000, 
384,MW,2019, ,OAH_SfM25,3,2.5000000,1.0000000,0,PLOB,0,MD,0,0, ,0, ,0, ,0, ,0,0, ,0,0, ,0,0,0.056259487060700, ,0,0.000000000000000, 
385,MW,2019, ,OAH_SfM25,3,2.5000000,1.0000000,0,PLOB,0,MD,0,0, ,0, ,0, ,0, ,0,0, ,0,0, ,0,0,0.111336068438000, ,0,0.000000000000000, 
386,MW,2019, ,OAH_SfM25,3,2.5000000,1.0000000,0,PLOB,0,EM,0,30, ,0, ,0, ,0, ,0,0, ,0,0, ,0,0,0.074403561424000, ,0,0.000000000000000, 
387,MW,2019, ,OAH_SfM25,5,2.5000000,1.0000000,0,POCS,0,KN,0,0, ,0, ,0, ,0, ,0,0, ,0,0, ,0,0,0.019244220226000, ,0,0.000000000000000, 
388,MW,2019, ,OAH_SfM25,5,2.5000000,1.0000000,0,MCAP,0,EM,0,0, ,0, ,0, ,0, ,0,0, ,0,0, ,0,0,0.077428225006900, ,0,0.000000000000000, 
389,MW,2019, ,OAH_SfM25,5,2.5000000,1.0000000,0,MCAP,0,EM,0,0, ,0, ,0, ,0, ,0,0, ,0,0, ,0,0,0.058319893967600, ,0,0.000000000000000, 
390,MW,2019, ,OAH_SfM25,5,2.5000000,1.0000000,0,PLOB,0,MD,0,35,FISH,5, ,0, ,0, ,0,0, ,0,0, ,0,0,0.313001788292000, ,0,0.000000000000000, 
391,MW,2019, ,OAH_SfM25,5,2.5000000,1.0000000,0,PLOB,0,MD,0,25, ,0, ,0, ,0, ,0,0, ,0,0, ,0,0,0.060925035445700, ,0,0.000000000000000, 
392,MW,2019, ,OAH_SfM25,5,2.5000000,1.0000000,0,PLOB,0,MD,0,20, ,0, ,0, ,0, ,0,0, ,0,0, ,0,0,0.081434391071800, ,0,0.000000000000000, 
393,MW,2019, ,OAH_SfM25,5,2.5000000,1.0000000,0,PLOB,0,EM,0,8, ,0, ,0, ,0, ,0,0, ,0,0, ,0,0,0.086060675863400, ,0,0.000000000000000, 
394,MW,2019, ,OAH_SfM25,5,2.5000000,1.0000000,0,PLOB,0,EM,0,40, ,0, ,0, ,0, ,0,0, ,0,0, ,0,0,0.109290163660000, ,0,0.000000000000000, 
395,MW,2019, ,OAH_SfM25,5,2.5000000,1.0000000,0,PLOB,0,MD,0,1, ,0, ,0, ,0, ,0,0, ,0,0, ,0,0,0.084600945333300, ,0,0.000000000000000, 
396,MW,2019, ,OAH_SfM25,5,2.5000000,1.0000000,0,PLOB,0,MD,0,20,FISH,10, ,0, ,0, ,0,0, ,0,0, ,0,0,0.329587620927000, ,0,0.000000000000000, 
397,MW,2019, ,OAH_SfM25,5,2.5000000,1.0000000,0,PLOB,0,MD,0,12,FISH,2, ,0, ,0, ,0,0, ,0,0, ,0,0,0.208989951209000, ,0,0.000000000000000, 
398,MW,2019, ,OAH_SfM25,5,2.5000000,1.0000000,0,PLOB,0,MD,0,10,FISH,2, ,0, ,0, ,0,0, ,0,0, ,0,0,0.240934948924000, ,0,0.000000000000000, 
399,MW,2019, ,OAH_SfM25,5,2.5000000,1.0000000,0,PLOB,0,MD,0,0, ,0, ,0, ,0, ,0,0, ,0,0, ,0,0,0.079624430276800, ,0,0.000000000000000, 
400,MW,2019, ,OAH_SfM25,5,2.5000000,1.0000000,0,PLOB,0,MD,0,30, ,0, ,0, ,0, ,0,0, ,0,0, ,0,0,0.150495214927000, ,0,0.000000000000000, 
401,MW,2019, ,OAH_SfM25,1,2.5000000,1.0000000,0,PLOB,0,EM,0,2, ,0, ,0, ,0,TIN,5,0, ,0,0, ,0,0,0.079352630276300, ,0,0.000000000000000, 
402,MW,2019, ,OAH_SfM25,3,2.5000000,1.0000000,0,PLOB,0,EM,0,25, ,0, ,0, ,0, ,0,0, ,0,0, ,0,0,0.214375021964000, ,0,0.000000000000000, 
403,MW,2019, ,OAH_SfM25,3,2.5000000,1.0000000,0,PLOB,0,MD,0,30,FISH,2, ,0, ,0, ,0,0, ,0,0, ,0,0,0.234593371945000, ,0,0.000000000000000, 
404,MW,2019, ,OAH_SfM25,3,2.5000000,1.0000000,0,PMEA,0,BR,0,0, ,0, ,0, ,0, ,0,0, ,0,0, ,0,0,0.084628600053000, ,0,0.000000000000000, 
405,MW,2019, ,OAH_SfM25,3,2.5000000,1.0000000,0,PLOB,0,EM,0,45,FISH,2, ,0, ,0, ,0,0, ,0,0, ,0,0,0.287910055346000, ,0,0.000000000000000, 
406,MW,2019, ,OAH_SfM25,5,2.5000000,1.0000000,0,POCS,0,KN,0,0, ,0, ,0, ,0, ,0,0, ,0,0, ,0,0,0.021702074017000, ,0,0.000000000000000, 
407,MW,2019, ,OAH_SfM25,5,2.5000000,1.0000000,0,MCAP,0,EM,0,0, ,0, ,0, ,0, ,0,0, ,0,0, ,0,0,0.039542509527700, ,0,0.000000000000000, 
408,MW,2019, ,OAH_SfM25,5,2.5000000,1.0000000,0,POCS,0,KN,0,0, ,0, ,0, ,0, ,0,0, ,0,0, ,0,0,0.015370100596900, ,0,0.000000000000000, 
409,MW,2019, ,OAH_SfM25,5,2.5000000,1.0000000,0,PMEA,0,KN,0,0, ,0, ,0, ,0, ,0,0, ,0,0, ,0,0,0.063298735552600, ,0,0.000000000000000, 
410,MW,2019, ,OAH_SfM25,5,2.5000000,1.0000000,0,MCAP,0,EM,0,50, ,0, ,0, ,0, ,0,0, ,0,0, ,0,0,0.073150871694000, ,0,0.000000000000000, 
411,MW,2019, ,OAH_SfM25,5,2.5000000,1.0000000,0,MCAP,0,EM,0,25, ,0, ,0, ,0, ,0,0, ,0,0, ,0,0,0.093425584045000, ,0,0.000000000000000, 
412,MW,2019, ,OAH_SfM25,5,2.5000000,1.0000000,0,MCAP,0,EM,0,65, ,0, ,0, ,0, ,0,0, ,0,0, ,0,0,0.073702443714100, ,0,0.000000000000000, 
413,MA,2019, ,SfM26,1,2.5000000,1.0000000,0,PMEA,0,BR,0,75,TLS,3, ,0, ,0,BLE,30,4, ,0,0, ,0,0,0.242811139285000, ,0,0.000000000000000, 
414,MA,2019, ,SfM26,1,2.5000000,1.0000000,0,PLOB,0,MD,0,0, ,0, ,0, ,0, ,0,0, ,0,0, ,0,0,0.034808045877600, ,0,0.000000000000000, 
415,MA,2019, ,SfM26,1,2.5000000,1.0000000,0,PLOB,0,EF,0,5, ,0, ,0, ,0, ,0,0, ,0,0, ,0,0,0.150213514000000, ,0,0.000000000000000, 
416,MA,2019, ,SfM26,1,2.5000000,1.0000000,0,PLOB,0,EF,0,0, ,0, ,0, ,0, ,0,0, ,0,0, ,0,0,0.020942301698400, ,0,0.000000000000000, 
417,MA,2019, ,SfM26,1,2.5000000,1.0000000,0,PLOB,0,EF,0,5, ,0, ,0, ,0, ,0,0, ,0,0, ,0,0,0.062909218977400, ,0,0.000000000000000, 
418,MA,2019, ,SfM26,1,2.5000000,1.0000000,0,MPAT,0,EF,0,3, ,0, ,0, ,0, ,0,0, ,0,0, ,0,0,0.060233213621700, ,0,0.000000000000000, 
419,MA,2019, ,SfM26,1,2.5000000,1.0000000,0,PLOB,0,EF,0,0, ,0, ,0, ,0, ,0,0, ,0,0, ,0,0,0.059990832692100, ,0,0.000000000000000, 
420,MA,2019, ,SfM26,1,2.5000000,1.0000000,0,PLOB,0,MD,0,40, ,0, ,0, ,0,BLE,10,4, ,0,0, ,0,0,0.065760549849900, ,0,0.000000000000000, 
421,MA,2019, ,SfM26,3,2.5000000,1.0000000,0,PMEA,0,BR,0,15, ,0, ,0, ,0, ,0,0, ,0,0, ,0,0,0.324974152224000, ,0,0.000000000000000, 
422,MA,2019, ,SfM26,3,2.5000000,1.0000000,0,PLOB,0,EF,0,15, ,0, ,0, ,0,ALG,2,0, ,0,0, ,0,0,0.191302117578000, ,0,0.000000000000000, 
423,MA,2019, ,SfM26,3,2.5000000,1.0000000,0,PLOB,0,EF,0,0, ,0, ,0, ,0, ,0,0, ,0,0, ,0,0,0.019197134092000, ,0,0.000000000000000, 
424,MA,2019, ,SfM26,3,2.5000000,1.0000000,0,PLOB,0,EF,0,0, ,0, ,0, ,0, ,0,0, ,0,0, ,0,0,0.015033628756500, ,0,0.000000000000000, 
425,MA,2019, ,SfM26,3,2.5000000,1.0000000,0,POCS,0,BR,0,0, ,0, ,0, ,0, ,0,0, ,0,0, ,0,0,0.025045957334000, ,0,0.000000000000000, 
426,MA,2019, ,SfM26,3,2.5000000,1.0000000,0,PLOB,0,MD,0,0, ,0, ,0, ,0, ,0,0, ,0,0, ,0,0,0.050225987808500, ,0,0.000000000000000, 
427,MA,2019, ,SfM26,3,2.5000000,1.0000000,0,PLOB,0,EF,0,20, ,0, ,0, ,0,ALG,3,0, ,0,0, ,0,0,0.193540203273000, ,0,0.000000000000000, 
428,MA,2019, ,SfM26,3,2.5000000,1.0000000,0,PLOB,0,MD,0,0, ,0, ,0, ,0, ,0,0, ,0,0, ,0,0,0.058297512200400, ,0,0.000000000000000, 
429,MA,2019, ,SfM26,3,2.5000000,1.0000000,0,PLOB,0,MD,0,90, ,0, ,0, ,0, ,0,0, ,0,0, ,0,0,0.143080571133000, ,0,0.000000000000000, 
430,MA,2019, ,SfM26,3,2.5000000,1.0000000,0,PMEA,0,BR,0,15, ,0, ,0, ,0, ,0,0, ,0,0, ,0,0,0.179443862883000, ,0,0.000000000000000, 
431,MA,2019, ,SfM26,3,2.5000000,1.0000000,0,PGRA,0,BR,0,7,TLS,5, ,0, ,0,BLE,100,4, ,0,0, ,0,0,0.256404992456000, ,0,0.000000000000000, 
432,MA,2019, ,SfM26,3,2.5000000,1.0000000,0,PMEA,0,BR,0,0, ,0, ,0, ,0, ,0,0, ,0,0, ,0,0,0.212206149357000, ,0,0.000000000000000, 
433,MA,2019, ,SfM26,3,2.5000000,1.0000000,0,PLOB,0,EF,0,0, ,0, ,0, ,0, ,0,0, ,0,0, ,0,0,0.026532432328700, ,0,0.000000000000000, 
434,MA,2019, ,SfM26,3,2.5000000,1.0000000,0,PLOB,0,EF,0,0, ,0, ,0, ,0, ,0,0, ,0,0, ,0,0,0.058918587528500, ,0,0.000000000000000, 
435,MA,2019, ,SfM26,3,2.5000000,1.0000000,0,PLOB,0,MD,0,0, ,0, ,0, ,0, ,0,0, ,0,0, ,0,0,0.055383210163800, ,0,0.000000000000000, 
436,MA,2019, ,SfM26,3,2.5000000,1.0000000,0,PLOB,0,EF,0,0, ,0, ,0, ,0, ,0,0, ,0,0, ,0,0,0.031320919593800, ,0,0.000000000000000, 
437,MA,2019, ,SfM26,3,2.5000000,1.0000000,0,PLOB,0,EF,0,0, ,0, ,0, ,0, ,0,0, ,0,0, ,0,0,0.071800069486400, ,0,0.000000000000000, 
438,MA,2019, ,SfM26,3,2.5000000,1.0000000,0,PLOB,0,MD,0,30, ,0, ,0, ,0, ,0,0, ,0,0, ,0,0,0.075400000438100, ,0,0.000000000000000, 
439,MA,2019, ,SfM26,3,2.5000000,1.0000000,0,PLOB,0,EF,0,70, ,0, ,0, ,0, ,0,0, ,0,0, ,0,0,0.230643729694000, ,0,0.000000000000000, 
440,MA,2019, ,SfM26,3,2.5000000,1.0000000,0,PLOB,0,EF,0,3, ,0, ,0, ,0, ,0,0, ,0,0, ,0,0,0.107905884921000, ,0,0.000000000000000, 
441,MA,2019, ,SfM26,3,2.5000000,1.0000000,0,PLOB,0,MD,0,0, ,0, ,0, ,0,BLE,10,4, ,0,0, ,0,0,0.099483868306700, ,0,0.000000000000000, 
442,MA,2019, ,SfM26,3,2.5000000,1.0000000,0,PLOB,0,MD,0,40, ,0, ,0, ,0, ,0,0, ,0,0, ,0,0,0.242403486207000, ,0,0.000000000000000, 
443,MA,2019, ,SfM26,3,2.5000000,1.0000000,0,PLOB,0,EF,0,3, ,0, ,0, ,0, ,0,0, ,0,0, ,0,0,0.079649545082000, ,0,0.000000000000000, 
444,MA,2019, ,SfM26,3,2.5000000,1.0000000,0,PLOB,0,MD,0,10, ,0, ,0, ,0,ALG,2,0, ,0,0, ,0,0,0.235758392799000, ,0,0.000000000000000, 
445,MA,2019, ,SfM26,3,2.5000000,1.0000000,0,PLOB,0,EF,0,30, ,0, ,0, ,0, ,0,0, ,0,0, ,0,0,0.229262208282000, ,0,0.000000000000000, 
446,MA,2019, ,SfM26,3,2.5000000,1.0000000,0,PLOB,0,EF,0,0, ,0, ,0, ,0, ,0,0, ,0,0, ,0,0,0.053544841143100, ,0,0.000000000000000, 
447,MA,2019, ,SfM26,3,2.5000000,1.0000000,0,POSP,0,KN,0,0, ,0, ,0, ,0, ,0,0, ,0,0, ,0,0,0.031705205001300, ,0,0.000000000000000, 
448,MA,2019, ,SfM26,3,2.5000000,1.0000000,0,PLOB,0,MD,0,5, ,0, ,0, ,0, ,0,0, ,0,0, ,0,0,0.083822013756500, ,0,0.000000000000000, 
449,MA,2019, ,SfM26,5,2.5000000,1.0000000,0,PMEA,0,BR,0,7,FISH,2, ,0, ,0, ,0,0, ,0,0, ,0,0,0.267807412477000, ,0,0.000000000000000, 
450,MA,2019, ,SfM26,5,2.5000000,1.0000000,0,PMEA,0,BR,0,5, ,0, ,0, ,0, ,0,0, ,0,0, ,0,0,0.209658318185000, ,0,0.000000000000000, 
451,MA,2019, ,SfM26,5,2.5000000,1.0000000,0,PMEA,0,BR,0,0, ,0, ,0, ,0, ,0,0, ,0,0, ,0,0,0.235021786561000, ,0,0.000000000000000, 
452,MA,2019, ,SfM26,5,2.5000000,1.0000000,0,PMEA,0,BR,0,20, ,0, ,0, ,0, ,0,0, ,0,0, ,0,0,0.254463061945000, ,0,0.000000000000000, 
453,MA,2019, ,SfM26,5,2.5000000,1.0000000,0,PMEA,0,BR,0,10,TLS,7, ,0, ,0,BLE,2,5, ,0,0, ,0,0,0.220567382508000, ,0,0.000000000000000, 
454,MA,2019, ,SfM26,5,2.5000000,1.0000000,0,PMEA,0,BR,0,10, ,0, ,0, ,0, ,0,0, ,0,0, ,0,0,0.171429870318000, ,0,0.000000000000000, 
455,MA,2019, ,SfM26,5,2.5000000,1.0000000,0,PLOB,0,EF,0,0, ,0, ,0, ,0, ,0,0, ,0,0, ,0,0,0.037198118475600, ,0,0.000000000000000, 
456,MA,2019, ,SfM26,5,2.5000000,1.0000000,0,PLOB,0,MD,0,0, ,0, ,0, ,0, ,0,0, ,0,0, ,0,0,0.034525931940800, ,0,0.000000000000000, 
457,MA,2019, ,SfM26,5,2.5000000,1.0000000,0,POCS,0,BR,0,0, ,0, ,0, ,0, ,0,0, ,0,0, ,0,0,0.027166524015900, ,0,0.000000000000000, 
458,MA,2019, ,SfM26,5,2.5000000,1.0000000,0,PLOB,0,EF,0,60, ,0, ,0, ,0, ,0,0, ,0,0, ,0,0,0.096796125659700, ,0,0.000000000000000, 
459,MA,2019, ,SfM26,5,2.5000000,1.0000000,0,PLOB,0,EF,0,10, ,0, ,0, ,0, ,0,0, ,0,0, ,0,0,0.044893762673900, ,0,0.000000000000000, 
460,MA,2019, ,SfM26,5,2.5000000,1.0000000,0,PLOB,0,MD,0,15, ,0, ,0, ,0, ,0,0, ,0,0, ,0,0,0.073136174263200, ,0,0.000000000000000, 
461,MA,2019, ,SfM26,5,2.5000000,1.0000000,0,POSP,0,MD,0,40, ,0, ,0, ,0, ,0,0, ,0,0, ,0,0,0.051189256860000, ,0,0.000000000000000, 
462,MA,2019, ,SfM26,5,2.5000000,1.0000000,0,PLOB,0,EF,0,0, ,0, ,0, ,0, ,0,0, ,0,0, ,0,0,0.036575948499900, ,0,0.000000000000000, 
463,MA,2019, ,SfM26,5,2.5000000,1.0000000,0,POCS,0,BR,0,0, ,0, ,0, ,0, ,0,0, ,0,0, ,0,0,0.019043371703100, ,0,0.000000000000000, 
464,MA,2019, ,SfM26,5,2.5000000,1.0000000,0,PLOB,0,EF,0,15, ,0, ,0, ,0, ,0,0, ,0,0, ,0,0,0.101295608324000, ,0,0.000000000000000, 
465,MA,2019, ,SfM26,5,2.5000000,1.0000000,0,PLOB,0,EF,0,5, ,0, ,0, ,0, ,0,0, ,0,0, ,0,0,0.049709657388000, ,0,0.000000000000000, 
466,MA,2019, ,SfM26,5,2.5000000,1.0000000,0,PLOB,0,MD,0,30, ,0, ,0, ,0, ,0,0, ,0,0, ,0,0,0.073369543806400, ,0,0.000000000000000, 
467,MA,2019, ,SfM26,5,2.5000000,1.0000000,0,MPAT,0,EF,0,0, ,0, ,0, ,0, ,0,0, ,0,0, ,0,0,0.025339691703300, ,0,0.000000000000000, 
468,MA,2019, ,SfM26,5,2.5000000,1.0000000,0,PLOB,0,EF,0,0, ,0, ,0, ,0, ,0,0, ,0,0, ,0,0,0.042528695586800, ,0,0.000000000000000, 
469,MA,2019, ,SfM26,5,2.5000000,1.0000000,0,PLOB,0,MD,0,10, ,0, ,0, ,0,ALG,2,0, ,0,0, ,0,0,0.068071211670900, ,0,0.000000000000000, 
470,MA,2019, ,SfM26,5,2.5000000,1.0000000,0,MPAT,0,EF,0,25, ,0, ,0, ,0, ,0,0, ,0,0, ,0,0,0.151296067349000, ,0,0.000000000000000, 
471,MA,2019, ,SfM26,5,2.5000000,1.0000000,0,PLOB,0,EF,0,0, ,0, ,0, ,0, ,0,0, ,0,0, ,0,0,0.049796585641600, ,0,0.000000000000000, 
472,MW,2019, ,OAH_SfM26,3,2.5000000,1.0000000,0,PMEA,0,BR,0,25, ,0, ,0, ,0, ,0,0, ,0,0, ,0,0,0.329098465978000, ,0,0.000000000000000, 
473,MW,2019, ,OAH_SfM26,3,2.5000000,1.0000000,0,PLOB,0,EM,0,25, ,0, ,0, ,0, ,0,0, ,0,0, ,0,0,0.203906277571000, ,0,0.000000000000000, 
474,MW,2019, ,OAH_SfM26,3,2.5000000,1.0000000,0,PLOB,0,EM,0,0, ,0, ,0, ,0, ,0,0, ,0,0, ,0,0,0.054670375409000, ,0,0.000000000000000, 
475,MW,2019, ,OAH_SfM26,3,2.5000000,1.0000000,0,PMEA,0,BR,0,30, ,0, ,0, ,0, ,0,0, ,0,0, ,0,0,0.178367093288000, ,0,0.000000000000000, 
476,MW,2019, ,OAH_SfM26,3,2.5000000,1.0000000,0,PLOB,0,EM,0,2,FISH,2, ,0, ,0, ,0,0, ,0,0, ,0,0,0.082769861998400, ,0,0.000000000000000, 
477,MW,2019, ,OAH_SfM26,3,2.5000000,1.0000000,0,PLOB,0,EM,0,45, ,0, ,0, ,0, ,0,0, ,0,0, ,0,0,0.325188713828000, ,0,0.000000000000000, 
478,MW,2019, ,OAH_SfM26,3,2.5000000,1.0000000,0,PMEA,0,BR,0,0,TLS,20, ,0, ,0, ,0,0, ,0,0, ,0,0,0.253034859755000, ,0,0.000000000000000, 
479,MW,2019, ,OAH_SfM26,3,2.5000000,1.0000000,0,PLOB,0,MD,0,10, ,0, ,0, ,0, ,0,0, ,0,0, ,0,0,0.244512678777000, ,0,0.000000000000000, 
480,MW,2019, ,OAH_SfM26,3,2.5000000,1.0000000,0,PLOB,0,EM,0,55, ,0, ,0, ,0, ,0,0, ,0,0, ,0,0,0.216455261044000, ,0,0.000000000000000, 
481,MW,2019, ,OAH_SfM26,5,2.5000000,1.0000000,0,PMEA,0,BR,0,15, ,0, ,0, ,0, ,0,0, ,0,0, ,0,0,0.277484143787000, ,0,0.000000000000000, 
482,MW,2019, ,OAH_SfM26,5,2.5000000,1.0000000,0,PLOB,0,MD,0,5, ,0, ,0, ,0, ,0,0, ,0,0, ,0,0,0.073947887771500, ,0,0.000000000000000, 
483,MW,2019, ,OAH_SfM26,5,2.5000000,1.0000000,0,PMEA,0,BR,0,2, ,0, ,0, ,0, ,0,0, ,0,0, ,0,0,0.220801924374000, ,0,0.000000000000000, 
484,MW,2019, ,OAH_SfM26,5,2.5000000,1.0000000,0,PMEA,0,BR,0,0,FISH,1, ,0, ,0, ,0,0, ,0,0, ,0,0,0.235037528328000, ,0,0.000000000000000, 
485,MW,2019, ,OAH_SfM26,5,2.5000000,1.0000000,0,PMEA,0,BR,0,3, ,0, ,0, ,0, ,0,0, ,0,0, ,0,0,0.245608977874000, ,0,0.000000000000000, 
486,MW,2019, ,OAH_SfM26,5,2.5000000,1.0000000,0,PLOB,0,EM,0,27, ,0, ,0, ,0, ,0,0, ,0,0, ,0,0,0.059337172379900, ,0,0.000000000000000, 
487,MW,2019, ,OAH_SfM26,5,2.5000000,1.0000000,0,PMEA,0,BR,0,5, ,0, ,0, ,0, ,0,0, ,0,0, ,0,0,0.204574802282000, ,0,0.000000000000000, 
488,MW,2019, ,OAH_SfM26,5,2.5000000,1.0000000,0,MPAT,0,EM,0,0, ,0, ,0, ,0, ,0,0, ,0,0, ,0,0,0.079690651511700, ,0,0.000000000000000, 
489,MW,2019, ,OAH_SfM26,5,2.5000000,1.0000000,0,PMEA,0,BR,0,8, ,0, ,0, ,0, ,0,0, ,0,0, ,0,0,0.181256338123000, ,0,0.000000000000000, 
490,MW,2019, ,OAH_SfM26,1,2.5000000,1.0000000,0,PMEA,0,BR,0,75,TLS,15, ,0, ,0, ,0,0, ,0,0, ,0,0,0.234743795065000, ,0,0.000000000000000, 
491,MW,2019, ,OAH_SfM26,3,2.5000000,1.0000000,0,PLOB,0,EM,0,0, ,0, ,0, ,0, ,0,0, ,0,0, ,0,0,0.060035405783300, ,0,0.000000000000000, 
492,MW,2019, ,OAH_SfM26,3,2.5000000,1.0000000,0,PLOB,0,EM,0,30, ,0, ,0, ,0, ,0,0, ,0,0, ,0,0,0.082265181368000, ,0,0.000000000000000, 
493,MW,2019, ,OAH_SfM26,3,2.5000000,1.0000000,0,PLOB,0,EM,0,15, ,0, ,0, ,0, ,0,0, ,0,0, ,0,0,0.076804230753600, ,0,0.000000000000000, 
494,MW,2019, ,OAH_SfM26,3,2.5000000,1.0000000,0,PLOB,0,EM,0,0, ,0, ,0, ,0, ,0,0, ,0,0, ,0,0,0.054685464146100, ,0,0.000000000000000, 
495,MW,2019, ,OAH_SfM26,3,2.5000000,1.0000000,0,PLOB,0,EM,0,0, ,0, ,0, ,0, ,0,0, ,0,0, ,0,0,0.127790453951000, ,0,0.000000000000000, 
496,MW,2019, ,OAH_SfM26,3,2.5000000,1.0000000,0,PLOB,0,EM,0,25, ,0, ,0, ,0, ,0,0, ,0,0, ,0,0,0.198168916689000, ,0,0.000000000000000, 
497,MW,2019, ,OAH_SfM26,3,2.5000000,1.0000000,0,PLOB,0,MD,0,0, ,0, ,0, ,0, ,0,0, ,0,0, ,0,0,0.058612285433900, ,0,0.000000000000000, 
498,MW,2019, ,OAH_SfM26,3,2.5000000,1.0000000,0,PMEA,0,BR,0,0, ,0, ,0, ,0, ,0,0, ,0,0, ,0,0,0.215888050691000, ,0,0.000000000000000, 
499,MA,2019, ,SfM27,1,2.5000000,1.0000000,0,PMEA,0,BR,0,0, ,0, ,0, ,0, ,0,0, ,0,0, ,0,0,0.063779776997500, ,0,0.000000000000000, 
500,MA,2019, ,SfM27,3,2.5000000,1.0000000,0,PMEA,0,BR,0,5, ,0, ,0, ,0, ,0,0, ,0,0, ,0,0,0.269082775589000, ,0,0.000000000000000, 
501,MA,2019, ,SfM27,5,2.5000000,1.0000000,0,PMEA,0,BR,0,12,FISH,1, ,0, ,0, ,0,0, ,0,0, ,0,0,0.284227812620000, ,0,0.000000000000000, 
502,MA,2019, ,SfM27,5,2.5000000,1.0000000,0,PLOB,0,MD,0,55, ,0, ,0, ,0, ,0,0, ,0,0, ,0,0,0.156122034374000, ,0,0.000000000000000, 
503,MA,2019, ,SfM27,5,2.5000000,1.0000000,0,PMEA,0,BR,0,2, ,0, ,0, ,0, ,0,0, ,0,0, ,0,0,0.240220606656000, ,0,0.000000000000000, 
504,MA,2019, ,SfM27,5,2.5000000,1.0000000,0,PMEA,0,BR,0,0, ,0, ,0, ,0, ,0,0, ,0,0, ,0,0,0.301429426822000, ,0,0.000000000000000, 
505,MA,2019, ,SfM27,5,2.5000000,1.0000000,0,PMEA,0,BR,0,0, ,0, ,0, ,0, ,0,0, ,0,0, ,0,0,0.068156071323400, ,0,0.000000000000000, 
506,MW,2019, ,OAH_SfM27,5,2.5000000,1.0000000,0,PMEA,0,BR,0,5,FISH,1, ,0, ,0, ,0,0, ,0,0, ,0,0,0.275670601271000, ,0,0.000000000000000, 
507,MW,2019, ,OAH_SfM27,5,2.5000000,1.0000000,0,PLOB,0,MD,0,10, ,0, ,0, ,0, ,0,0, ,0,0, ,0,0,0.102947025669000, ,0,0.000000000000000, 
508,MW,2019, ,OAH_SfM27,5,2.5000000,1.0000000,0,PLOB,0,MD,0,5, ,0, ,0, ,0, ,0,0, ,0,0, ,0,0,0.038309397740700, ,0,0.000000000000000, 
509,MW,2019, ,OAH_SfM27,5,2.5000000,1.0000000,0,PMEA,0,BR,0,0, ,0, ,0, ,0, ,0,0, ,0,0, ,0,0,0.237180143354000, ,0,0.000000000000000, 
510,MW,2019, ,OAH_SfM27,5,2.5000000,1.0000000,0,PMEA,0,BR,0,0, ,0, ,0, ,0, ,0,0, ,0,0, ,0,0,0.304125665189000, ,0,0.000000000000000, 
511,MW,2019, ,OAH_SfM27,1,2.5000000,1.0000000,0,PMEA,0,KN,0,0, ,0, ,0, ,0, ,0,0, ,0,0, ,0,0,0.062871456867000, ,0,0.000000000000000, 
512,MW,2019, ,OAH_SfM27,3,2.5000000,1.0000000,0,PMEA,0,BR,0,5, ,0, ,0, ,0, ,0,0, ,0,0, ,0,0,0.267352539215000, ,0,0.000000000000000, 
513,MW,2019, ,OAH_SfM27,5,2.5000000,1.0000000,0,PMEA,0,BR,0,0, ,0, ,0, ,0, ,0,0, ,0,0, ,0,0,0.068326276907400, ,0,0.000000000000000, 
514,MA,2019, ,SfM28,1,2.5000000,1.0000000,0,PLOB,0,MD,0,3, ,0, ,0, ,0, ,0,0, ,0,0, ,0,0,0.144541759907000, ,0,0.000000000000000, 
515,MA,2019, ,SfM28,1,2.5000000,1.0000000,0,MCAP,0,EF,0,30, ,0, ,0, ,0,BLE,2,5, ,0,0, ,0,0,0.122200000100000, ,0,0.000000000000000, 
516,MA,2019, ,SfM28,1,2.5000000,1.0000000,0,PLOB,0,EF,0,5, ,0, ,0, ,0, ,0,0, ,0,0, ,0,0,0.093522456924000, ,0,0.000000000000000, 
517,MA,2019, ,SfM28,1,2.5000000,1.0000000,0,MCAP,0,EF,0,3, ,0, ,0, ,0, ,0,0, ,0,0, ,0,0,0.238421349136000, ,0,0.000000000000000, 
518,MA,2019, ,SfM28,1,2.5000000,1.0000000,0,MPAT,0,EF,0,30, ,0, ,0, ,0, ,0,0, ,0,0, ,0,0,0.085546010355700, ,0,0.000000000000000, 
519,MA,2019, ,SfM28,1,2.5000000,1.0000000,0,MPAT,0,EF,0,20, ,0, ,0, ,0, ,0,0, ,0,0, ,0,0,0.444692252739000, ,0,0.000000000000000, 
520,MA,2019, ,SfM28,1,2.5000000,1.0000000,0,PMEA,0,BR,0,7, ,0, ,0, ,0, ,0,0, ,0,0, ,0,0,0.256323408308000, ,0,0.000000000000000, 
521,MA,2019, ,SfM28,1,2.5000000,1.0000000,0,MPAT,0,EF,0,0, ,0, ,0, ,0, ,0,0, ,0,0, ,0,0,0.013086253427100, ,0,0.000000000000000, 
522,MA,2019, ,SfM28,1,2.5000000,1.0000000,0,MCAP,0,EF,0,10, ,0, ,0, ,0, ,0,0, ,0,0, ,0,0,0.256410315734000, ,0,0.000000000000000, 
523,MA,2019, ,SfM28,1,2.5000000,1.0000000,0,MCAP,0,EF,0,0, ,0, ,0, ,0,BLE,30,4, ,0,0, ,0,0,0.081888338529700, ,0,0.000000000000000, 
524,MA,2019, ,SfM28,1,2.5000000,1.0000000,0,MCAP,0,EF,0,10, ,0, ,0, ,0, ,0,0, ,0,0, ,0,0,0.155042091114000, ,0,0.000000000000000, 
525,MA,2019, ,SfM28,1,2.5000000,1.0000000,0,MCAP,0,EF,0,5, ,0, ,0, ,0, ,0,0, ,0,0, ,0,0,0.358799999580000, ,0,0.000000000000000, 
526,MA,2019, ,SfM28,1,2.5000000,1.0000000,0,PLOB,0,MD,0,0, ,0, ,0, ,0, ,0,0, ,0,0, ,0,0,0.134540886248000, ,0,0.000000000000000, 
527,MA,2019, ,SfM28,1,2.5000000,1.0000000,0,PLOB,0,MD,0,15,FISH,3, ,0, ,0, ,0,0, ,0,0, ,0,0,0.231877080476000, ,0,0.000000000000000, 
528,MA,2019, ,SfM28,1,2.5000000,1.0000000,0,MPAT,0,EF,0,5, ,0, ,0, ,0, ,0,0, ,0,0, ,0,0,0.213855395150000, ,0,0.000000000000000, 
529,MA,2019, ,SfM28,1,2.5000000,1.0000000,0,PMEA,0,BR,0,60,TLS,5, ,0, ,0, ,0,0, ,0,0, ,0,0,0.283801779728000, ,0,0.000000000000000, 
530,MA,2019, ,SfM28,1,2.5000000,1.0000000,0,PLOB,0,MD,0,0,FISH,2, ,0, ,0, ,0,0, ,0,0, ,0,0,0.057750931011500, ,0,0.000000000000000, 
531,MA,2019, ,SfM28,1,2.5000000,1.0000000,0,PMEA,0,BR,0,0, ,0, ,0, ,0, ,0,0, ,0,0, ,0,0,0.147231110724000, ,0,0.000000000000000, 
532,MA,2019, ,SfM28,1,2.5000000,1.0000000,0,PLOB,0,MD,0,10, ,0, ,0, ,0, ,0,0, ,0,0, ,0,0,0.103883829858000, ,0,0.000000000000000, 
533,MA,2019, ,SfM28,1,2.5000000,1.0000000,0,PMEA,0,BR,0,0, ,0, ,0, ,0, ,0,0, ,0,0, ,0,0,0.125273221857000, ,0,0.000000000000000, 
534,MA,2019, ,SfM28,1,2.5000000,1.0000000,0,MCAP,0,EF,0,10, ,0, ,0, ,0, ,0,0, ,0,0, ,0,0,0.361025774828000, ,0,0.000000000000000, 
535,MA,2019, ,SfM28,1,2.5000000,1.0000000,0,PLOB,0,MD,0,10,TLS,5, ,0, ,0, ,0,0, ,0,0, ,0,0,0.199002511263000, ,0,0.000000000000000, 
536,MA,2019, ,SfM28,1,2.5000000,1.0000000,0,MPAT,0,EF,0,2,UNKN,2, ,0, ,0, ,0,0, ,0,0, ,0,0,0.257984205543000, ,0,0.000000000000000, 
537,MA,2019, ,SfM28,1,2.5000000,1.0000000,0,MCAP,0,EF,0,0, ,0, ,0, ,0,BLE,90,5, ,0,0, ,0,0,0.067364456697600, ,0,0.000000000000000, 
538,MA,2019, ,SfM28,1,2.5000000,1.0000000,0,PLOB,0,MD,0,7, ,0, ,0, ,0, ,0,0, ,0,0, ,0,0,0.364319708259000, ,0,0.000000000000000, 
539,MA,2019, ,SfM28,1,2.5000000,1.0000000,0,MPAT,0,EF,0,0, ,0, ,0, ,0, ,0,0, ,0,0, ,0,0,0.171518920396000, ,0,0.000000000000000, 
540,MA,2019, ,SfM28,1,2.5000000,1.0000000,0,MPAT,0,EF,0,35,UNKN,2, ,0, ,0, ,0,0, ,0,0, ,0,0,0.515410952386000, ,0,0.000000000000000, 
541,MA,2019, ,SfM28,1,2.5000000,1.0000000,0,PLOB,0,MD,0,0,FISH,1, ,0, ,0, ,0,0, ,0,0, ,0,0,0.211044877160000, ,0,0.000000000000000, 
542,MA,2019, ,SfM28,1,2.5000000,1.0000000,0,PLOB,0,MD,0,5,UNKN,2, ,0, ,0, ,0,0, ,0,0, ,0,0,0.253201263973000, ,0,0.000000000000000, 
543,MA,2019, ,SfM28,1,2.5000000,1.0000000,0,PLOB,0,MD,0,0, ,0, ,0, ,0, ,0,0, ,0,0, ,0,0,0.112462616249000, ,0,0.000000000000000, 
544,MA,2019, ,SfM28,1,2.5000000,1.0000000,0,MPAT,0,EF,0,5, ,0, ,0, ,0, ,0,0, ,0,0, ,0,0,0.239912691347000, ,0,0.000000000000000, 
545,MA,2019, ,SfM28,1,2.5000000,1.0000000,0,MPAT,0,EF,0,7, ,0, ,0, ,0, ,0,0, ,0,0, ,0,0,0.368954537758000, ,0,0.000000000000000, 
546,MA,2019, ,SfM28,1,2.5000000,1.0000000,0,PLOB,0,MD,0,0, ,0, ,0, ,0, ,0,0, ,0,0, ,0,0,0.186421699300000, ,0,0.000000000000000, 
547,MA,2019, ,SfM28,1,2.5000000,1.0000000,0,MPAT,0,EF,0,5, ,0, ,0, ,0, ,0,0, ,0,0, ,0,0,0.133641984687000, ,0,0.000000000000000, 
548,MA,2019, ,SfM28,1,2.5000000,1.0000000,0,MPAT,0,EF,0,1, ,0, ,0, ,0, ,0,0, ,0,0, ,0,0,0.084705903432100, ,0,0.000000000000000, 
549,MA,2019, ,SfM28,1,2.5000000,1.0000000,0,MPAT,0,EF,0,2, ,0, ,0, ,0, ,0,0, ,0,0, ,0,0,0.331442377663000, ,0,0.000000000000000, 
550,MA,2019, ,SfM28,1,2.5000000,1.0000000,0,MCAP,0,EF,0,5, ,0, ,0, ,0, ,0,0, ,0,0, ,0,0,0.220266203652000, ,0,0.000000000000000, 
551,MA,2019, ,SfM28,1,2.5000000,1.0000000,0,MCAP,0,EF,0,5, ,0, ,0, ,0, ,0,0, ,0,0, ,0,0,0.377989657443000, ,0,0.000000000000000, 
552,MA,2019, ,SfM28,1,2.5000000,1.0000000,0,MPAT,0,EF,0,30, ,0, ,0, ,0, ,0,0, ,0,0, ,0,0,0.115120980083000, ,0,0.000000000000000, 
553,MA,2019, ,SfM28,1,2.5000000,1.0000000,0,MPAT,0,EF,0,3, ,0, ,0, ,0, ,0,0, ,0,0, ,0,0,0.126384848166000, ,0,0.000000000000000, 
554,MA,2019, ,SfM28,1,2.5000000,1.0000000,0,PLOB,0,MD,0,3,TLS,2, ,0, ,0, ,0,0, ,0,0, ,0,0,0.267609510179000, ,0,0.000000000000000, 
555,MA,2019, ,SfM28,1,2.5000000,1.0000000,0,MPAT,0,EF,0,15, ,0, ,0, ,0, ,0,0, ,0,0, ,0,0,0.129177862386000, ,0,0.000000000000000, 
556,MA,2019, ,SfM28,1,2.5000000,1.0000000,0,PMEA,0,BR,0,0, ,0, ,0, ,0, ,0,0, ,0,0, ,0,0,0.157135419772000, ,0,0.000000000000000, 
557,MA,2019, ,SfM28,3,2.5000000,1.0000000,0,MPAT,0,EF,0,5, ,0, ,0, ,0, ,0,0, ,0,0, ,0,0,0.061727222116900, ,0,0.000000000000000, 
558,MA,2019, ,SfM28,3,2.5000000,1.0000000,0,MPAT,0,EF,0,40, ,0, ,0, ,0, ,0,0, ,0,0, ,0,0,0.074211724146600, ,0,0.000000000000000, 
559,MA,2019, ,SfM28,3,2.5000000,1.0000000,0,MCAP,0,EF,0,15, ,0, ,0, ,0, ,0,0, ,0,0, ,0,0,0.243820609661000, ,0,0.000000000000000, 
560,MA,2019, ,SfM28,3,2.5000000,1.0000000,0,MCAP,0,EF,0,2, ,0, ,0, ,0, ,0,0, ,0,0, ,0,0,0.171965810321000, ,0,0.000000000000000, 
561,MA,2019, ,SfM28,3,2.5000000,1.0000000,0,PLOB,0,MD,0,3, ,0, ,0, ,0, ,0,0, ,0,0, ,0,0,0.193754716502000, ,0,0.000000000000000, 
562,MA,2019, ,SfM28,3,2.5000000,1.0000000,0,PLOB,0,MD,0,0, ,0, ,0, ,0, ,0,0, ,0,0, ,0,0,0.072407871951600, ,0,0.000000000000000, 
563,MA,2019, ,SfM28,3,2.5000000,1.0000000,0,MCAP,0,EF,0,3, ,0, ,0, ,0, ,0,0, ,0,0, ,0,0,0.241215858390000, ,0,0.000000000000000, 
564,MA,2019, ,SfM28,3,2.5000000,1.0000000,0,PMEA,0,BR,0,0,FISH,2, ,0, ,0, ,0,0, ,0,0, ,0,0,0.157471647957000, ,0,0.000000000000000, 
565,MA,2019, ,SfM28,3,2.5000000,1.0000000,0,MCAP,0,EF,0,2, ,0, ,0, ,0, ,0,0, ,0,0, ,0,0,0.371582238276000, ,0,0.000000000000000, 
566,MA,2019, ,SfM28,3,2.5000000,1.0000000,0,MPAT,0,EF,0,7, ,0, ,0, ,0, ,0,0, ,0,0, ,0,0,0.423747910163000, ,0,0.000000000000000, 
567,MA,2019, ,SfM28,3,2.5000000,1.0000000,0,MCAP,0,EF,0,20, ,0, ,0, ,0, ,0,0, ,0,0, ,0,0,0.114593760237000, ,0,0.000000000000000, 
568,MA,2019, ,SfM28,3,2.5000000,1.0000000,0,PLOB,0,EF,0,3, ,0, ,0, ,0,SGA,2,0, ,0,0, ,0,0,0.116459305039000, ,0,0.000000000000000, 
569,MA,2019, ,SfM28,3,2.5000000,1.0000000,0,PLOB,0,MD,0,0, ,0, ,0, ,0, ,0,0, ,0,0, ,0,0,0.164044994711000, ,0,0.000000000000000, 
570,MA,2019, ,SfM28,3,2.5000000,1.0000000,0,MCAP,0,EF,0,5, ,0, ,0, ,0,BLE,40,4, ,0,0, ,0,0,0.285324272012000, ,0,0.000000000000000, 
571,MA,2019, ,SfM28,3,2.5000000,1.0000000,0,MPAT,0,EF,0,0, ,0, ,0, ,0, ,0,0, ,0,0, ,0,0,0.121282562229000, ,0,0.000000000000000, 
572,MA,2019, ,SfM28,3,2.5000000,1.0000000,0,MPAT,0,EF,0,5, ,0, ,0, ,0, ,0,0, ,0,0, ,0,0,0.629605034662000, ,0,0.000000000000000, 
573,MA,2019, ,SfM28,3,2.5000000,1.0000000,0,MCAP,0,EF,0,70, ,0, ,0, ,0, ,0,0, ,0,0, ,0,0,0.543833982030000, ,0,0.000000000000000, 
574,MA,2019, ,SfM28,3,2.5000000,1.0000000,0,PLOB,0,MD,0,20,TLS,7, ,0, ,0, ,0,0, ,0,0, ,0,0,0.185592160796000, ,0,0.000000000000000, 
575,MA,2019, ,SfM28,3,2.5000000,1.0000000,0,PLOB,0,MD,0,2, ,0, ,0, ,0, ,0,0, ,0,0, ,0,0,0.105880356434000, ,0,0.000000000000000, 
576,MA,2019, ,SfM28,3,2.5000000,1.0000000,0,MPAT,0,EF,0,0, ,0, ,0, ,0, ,0,0, ,0,0, ,0,0,0.119806052177000, ,0,0.000000000000000, 
577,MA,2019, ,SfM28,3,2.5000000,1.0000000,0,MPAT,0,EF,0,5, ,0, ,0, ,0, ,0,0, ,0,0, ,0,0,0.592944356182000, ,0,0.000000000000000, 
578,MA,2019, ,SfM28,3,2.5000000,1.0000000,0,PLOB,0,MD,0,3, ,0, ,0, ,0, ,0,0, ,0,0, ,0,0,0.146068922024000, ,0,0.000000000000000, 
579,MA,2019, ,SfM28,3,2.5000000,1.0000000,0,PMEA,0,BR,0,0,FISH,1, ,0, ,0, ,0,0, ,0,0, ,0,0,0.346114793762000, ,0,0.000000000000000, 
580,MA,2019, ,SfM28,3,2.5000000,1.0000000,0,PMEA,0,BR,0,0,FISH,2, ,0, ,0, ,0,0, ,0,0, ,0,0,0.262438583138000, ,0,0.000000000000000, 
581,MA,2019, ,SfM28,3,2.5000000,1.0000000,0,PLOB,0,MD,0,3,FISH,2, ,0, ,0, ,0,0, ,0,0, ,0,0,0.186289156627000, ,0,0.000000000000000, 
582,MA,2019, ,SfM28,3,2.5000000,1.0000000,0,PMEA,0,BR,0,0, ,0, ,0, ,0, ,0,0, ,0,0, ,0,0,0.113753988161000, ,0,0.000000000000000, 
583,MA,2019, ,SfM28,3,2.5000000,1.0000000,0,PLOB,0,MD,0,5,TLS,10, ,0, ,0, ,0,0, ,0,0, ,0,0,0.106765397935000, ,0,0.000000000000000, 
584,MA,2019, ,SfM28,3,2.5000000,1.0000000,0,MPAT,0,EF,0,1, ,0, ,0, ,0, ,0,0, ,0,0, ,0,0,0.155271375585000, ,0,0.000000000000000, 
585,MA,2019, ,SfM28,3,2.5000000,1.0000000,0,MPAT,0,EF,0,3,FISH,2, ,0, ,0, ,0,0, ,0,0, ,0,0,0.134418004611000, ,0,0.000000000000000, 
586,MA,2019, ,SfM28,3,2.5000000,1.0000000,0,MCAP,0,EF,0,35, ,0, ,0, ,0, ,0,0, ,0,0, ,0,0,0.163555893431000, ,0,0.000000000000000, 
587,MA,2019, ,SfM28,3,2.5000000,1.0000000,0,MPAT,0,EF,0,7, ,0, ,0, ,0, ,0,0, ,0,0, ,0,0,0.489076292693000, ,0,0.000000000000000, 
588,MA,2019, ,SfM28,3,2.5000000,1.0000000,0,MOSP,0,EF,0,2, ,0, ,0, ,0, ,0,0, ,0,0, ,0,0,0.174360000513000, ,0,0.000000000000000, 
589,MA,2019, ,SfM28,3,2.5000000,1.0000000,0,MPAT,0,EF,0,10, ,0, ,0, ,0, ,0,0, ,0,0, ,0,0,0.256624394413000, ,0,0.000000000000000, 
590,MA,2019, ,SfM28,5,2.5000000,1.0000000,0,PLOB,0,MD,0,5,FISH,1, ,0, ,0, ,0,0, ,0,0, ,0,0,0.530184891286000, ,0,0.000000000000000, 
591,MA,2019, ,SfM28,5,2.5000000,1.0000000,0,PLOB,0,MD,0,3, ,0, ,0, ,0,ALG,1,0, ,0,0, ,0,0,0.268644932795000, ,0,0.000000000000000, 
592,MA,2019, ,SfM28,5,2.5000000,1.0000000,0,PLOB,0,MD,0,1,FISH,2, ,0, ,0, ,0,0, ,0,0, ,0,0,0.161557574898000, ,0,0.000000000000000, 
593,MA,2019, ,SfM28,5,2.5000000,1.0000000,0,PMEA,0,BR,0,0, ,0, ,0, ,0, ,0,0, ,0,0, ,0,0,0.134755963655000, ,0,0.000000000000000, 
594,MA,2019, ,SfM28,5,2.5000000,1.0000000,0,MCAP,0,EF,0,25, ,0, ,0, ,0,SGA,2,0, ,0,0, ,0,0,0.234363009947000, ,0,0.000000000000000, 
595,MA,2019, ,SfM28,5,2.5000000,1.0000000,0,PMEA,0,BR,0,60, ,0, ,0, ,0,BLE,100,4, ,0,0, ,0,0,0.152874393378000, ,0,0.000000000000000, 
596,MA,2019, ,SfM28,5,2.5000000,1.0000000,0,POSP,0,MD,0,0, ,0, ,0, ,0, ,0,0, ,0,0, ,0,0,0.022624102348000, ,0,0.000000000000000, 
597,MA,2019, ,SfM28,5,2.5000000,1.0000000,0,PMEA,0,BR,0,0, ,0, ,0, ,0, ,0,0, ,0,0, ,0,0,0.042232806755700, ,0,0.000000000000000, 
598,MA,2019, ,SfM28,5,2.5000000,1.0000000,0,PMEA,0,BR,0,0, ,0, ,0, ,0, ,0,0, ,0,0, ,0,0,0.075945573071900, ,0,0.000000000000000, 
599,MA,2019, ,SfM28,5,2.5000000,1.0000000,0,PMEA,0,BR,0,0, ,0, ,0, ,0, ,0,0, ,0,0, ,0,0,0.055123497522600, ,0,0.000000000000000, 
600,MA,2019, ,SfM28,5,2.5000000,1.0000000,0,MPAT,0,EF,0,1, ,0, ,0, ,0, ,0,0, ,0,0, ,0,0,0.353996298907000, ,0,0.000000000000000, 
601,MA,2019, ,SfM28,5,2.5000000,1.0000000,0,MPAT,0,EF,0,15, ,0, ,0, ,0, ,0,0, ,0,0, ,0,0,0.288631667864000, ,0,0.000000000000000, 
602,MA,2019, ,SfM28,5,2.5000000,1.0000000,0,PMEA,0,BR,0,0, ,0, ,0, ,0, ,0,0, ,0,0, ,0,0,0.036752687377300, ,0,0.000000000000000, 
603,MA,2019, ,SfM28,5,2.5000000,1.0000000,0,PLOB,0,MD,0,3,FISH,10, ,0, ,0, ,0,0, ,0,0, ,0,0,0.324376385209000, ,0,0.000000000000000, 
604,MA,2019, ,SfM28,5,2.5000000,1.0000000,0,MPAT,0,EF,0,10, ,0, ,0, ,0, ,0,0, ,0,0, ,0,0,0.511160561113000, ,0,0.000000000000000, 
605,MA,2019, ,SfM28,5,2.5000000,1.0000000,0,MPAT,0,EF,0,20, ,0, ,0, ,0, ,0,0, ,0,0, ,0,0,0.809966974139000, ,0,0.000000000000000, 
606,MA,2019, ,SfM28,5,2.5000000,1.0000000,0,MCAP,0,EF,0,2, ,0, ,0, ,0, ,0,0, ,0,0, ,0,0,0.499949688330000, ,0,0.000000000000000, 
607,MA,2019, ,SfM28,5,2.5000000,1.0000000,0,PMEA,0,BR,0,0, ,0, ,0, ,0, ,0,0, ,0,0, ,0,0,0.198375830659000, ,0,0.000000000000000, 
608,MA,2019, ,SfM28,5,2.5000000,1.0000000,0,PMEA,0,BR,0,0, ,0, ,0, ,0, ,0,0, ,0,0, ,0,0,0.049560063788100, ,0,0.000000000000000, 
609,MA,2019, ,SfM28,5,2.5000000,1.0000000,0,PMEA,0,BR,0,0, ,0, ,0, ,0, ,0,0, ,0,0, ,0,0,0.046100433383800, ,0,0.000000000000000, 
610,MA,2019, ,SfM28,5,2.5000000,1.0000000,0,PMEA,0,BR,0,0, ,0, ,0, ,0, ,0,0, ,0,0, ,0,0,0.052012786561300, ,0,0.000000000000000, 
611,MA,2019, ,SfM28,5,2.5000000,1.0000000,0,PMEA,0,BR,0,0, ,0, ,0, ,0, ,0,0, ,0,0, ,0,0,0.026981660083000, ,0,0.000000000000000, 
612,MA,2019, ,SfM28,5,2.5000000,1.0000000,0,PMEA,0,BR,0,0, ,0, ,0, ,0, ,0,0, ,0,0, ,0,0,0.022514439232400, ,0,0.000000000000000, 
613,MA,2019, ,SfM28,5,2.5000000,1.0000000,0,PLOB,0,MD,0,2,FISH,2, ,0, ,0, ,0,0, ,0,0, ,0,0,0.169131487797000, ,0,0.000000000000000, 
614,MA,2019, ,SfM28,5,2.5000000,1.0000000,0,PMEA,0,BR,0,0, ,0, ,0, ,0, ,0,0, ,0,0, ,0,0,0.051871475705900, ,0,0.000000000000000, 
615,MA,2019, ,SfM28,5,2.5000000,1.0000000,0,MPAT,0,EF,0,0, ,0, ,0, ,0, ,0,0, ,0,0, ,0,0,0.335150189356000, ,0,0.000000000000000, 
616,MA,2019, ,SfM28,5,2.5000000,1.0000000,0,MPAT,0,EF,0,0, ,0, ,0, ,0, ,0,0, ,0,0, ,0,0,0.096053995328800, ,0,0.000000000000000, 
617,MA,2019, ,SfM28,5,2.5000000,1.0000000,0,MPAT,0,EF,0,2, ,0, ,0, ,0, ,0,0, ,0,0, ,0,0,0.150130776532000, ,0,0.000000000000000, 
618,MA,2019, ,SfM28,5,2.5000000,1.0000000,0,MCAP,0,EF,0,4, ,0, ,0, ,0,BLE,90,3, ,0,0, ,0,0,0.538060972234000, ,0,0.000000000000000, 
619,MA,2019, ,SfM28,5,2.5000000,1.0000000,0,MCAP,0,EF,0,7, ,0, ,0, ,0, ,0,0, ,0,0, ,0,0,0.785755547892000, ,0,0.000000000000000, 
620,MA,2019, ,SfM28,5,2.5000000,1.0000000,0,PLOB,0,MD,0,0, ,0, ,0, ,0, ,0,0, ,0,0, ,0,0,0.051824704086200, ,0,0.000000000000000, 
621,MA,2019, ,SfM28,5,2.5000000,1.0000000,0,PLOB,0,MD,0,2,FISH,5, ,0, ,0,BLE,20,3, ,0,0, ,0,0,0.110779285288000, ,0,0.000000000000000, 
622,MA,2019, ,SfM28,5,2.5000000,1.0000000,0,PLOB,0,MD,0,3,FISH,3, ,0, ,0, ,0,0, ,0,0, ,0,0,0.210501805042000, ,0,0.000000000000000, 
623,MA,2019, ,SfM28,5,2.5000000,1.0000000,0,PLOB,0,MD,0,2, ,0, ,0, ,0, ,0,0, ,0,0, ,0,0,0.277918855090000, ,0,0.000000000000000, 
624,MA,2019, ,SfM28,5,2.5000000,1.0000000,0,PMEA,0,BR,0,0, ,0, ,0, ,0, ,0,0, ,0,0, ,0,0,0.059132139675500, ,0,0.000000000000000, 
625,MA,2019, ,SfM28,5,2.5000000,1.0000000,0,MPAT,0,EF,0,7, ,0, ,0, ,0, ,0,0, ,0,0, ,0,0,0.493897044719000, ,0,0.000000000000000, 
626,MA,2019, ,SfM28,5,2.5000000,1.0000000,0,MCAP,0,EF,0,0, ,0, ,0, ,0, ,0,0, ,0,0, ,0,0,0.093764865538400, ,0,0.000000000000000, 
627,MA,2019, ,SfM28,5,2.5000000,1.0000000,0,MPAT,0,EF,0,7, ,0, ,0, ,0, ,0,0, ,0,0, ,0,0,0.187176547513000, ,0,0.000000000000000, 
628,MA,2019, ,SfM28,5,2.5000000,1.0000000,0,MCAP,0,EF,0,7,FISH,2, ,0, ,0, ,0,0, ,0,0, ,0,0,0.579664291151000, ,0,0.000000000000000, 
629,MA,2019, ,SfM28,5,2.5000000,1.0000000,0,POSP,0,MD,0,0,FISH,1, ,0, ,0, ,0,0, ,0,0, ,0,0,0.136344563093000, ,0,0.000000000000000, 
630,MA,2019, ,SfM28,5,2.5000000,1.0000000,0,PMEA,0,BR,0,0, ,0, ,0, ,0,BLE,100,4, ,0,0, ,0,0,0.079930470435800, ,0,0.000000000000000, 
631,MA,2019, ,SfM28,5,2.5000000,1.0000000,0,POCS,0,BR,0,0, ,0, ,0, ,0, ,0,0, ,0,0, ,0,0,0.054057840094200, ,0,0.000000000000000, 
632,MA,2019, ,SfM28,5,2.5000000,1.0000000,0,MPAT,0,EF,0,15, ,0, ,0, ,0,SGA,3,0, ,0,0, ,0,0,0.508940624556000, ,0,0.000000000000000, 
633,MA,2019, ,SfM28,5,2.5000000,1.0000000,0,PLOB,0,MD,0,5,FISH,2, ,0, ,0, ,0,0, ,0,0, ,0,0,0.440150248249000, ,0,0.000000000000000, 
634,MA,2019, ,SfM28,5,2.5000000,1.0000000,0,MPAT,0,EF,0,0, ,0, ,0, ,0, ,0,0, ,0,0, ,0,0,0.073309004234000, ,0,0.000000000000000, 
635,MA,2019, ,SfM28,5,2.5000000,1.0000000,0,MPAT,0,EF,0,40, ,0, ,0, ,0, ,0,0, ,0,0, ,0,0,0.093673314569700, ,0,0.000000000000000, 
636,MA,2019, ,SfM28,5,2.5000000,1.0000000,0,PMEA,0,BR,0,0, ,0, ,0, ,0, ,0,0, ,0,0, ,0,0,0.130064792012000, ,0,0.000000000000000, 
637,MA,2019, ,SfM28,5,2.5000000,1.0000000,0,MPAT,0,EF,0,40, ,0, ,0, ,0, ,0,0, ,0,0, ,0,0,0.377606885856000, ,0,0.000000000000000, 
638,MA,2019, ,SfM28,5,2.5000000,1.0000000,0,MCAP,0,EF,0,10, ,0, ,0, ,0, ,0,0, ,0,0, ,0,0,0.092182536272100, ,0,0.000000000000000, 
639,MA,2019, ,SfM28,5,2.5000000,1.0000000,0,PMEA,0,BR,0,0,FISH,1, ,0, ,0, ,0,0, ,0,0, ,0,0,0.278757600667000, ,0,0.000000000000000, 
640,MA,2019, ,SfM28,5,2.5000000,1.0000000,0,MPAT,0,EF,0,7, ,0, ,0, ,0, ,0,0, ,0,0, ,0,0,0.479337751451000, ,0,0.000000000000000, 
641,MA,2019, ,SfM28,5,2.5000000,1.0000000,0,MPAT,0,EF,0,25, ,0, ,0, ,0, ,0,0, ,0,0, ,0,0,0.351703583333000, ,0,0.000000000000000, 
642,MA,2019, ,SfM28,5,2.5000000,1.0000000,0,PLOB,0,MD,0,15, ,0, ,0, ,0, ,0,0, ,0,0, ,0,0,0.199753949342000, ,0,0.000000000000000, 
643,MA,2019, ,SfM28,5,2.5000000,1.0000000,0,MCAP,0,EF,0,65, ,0, ,0, ,0, ,0,0, ,0,0, ,0,0,0.149598963578000, ,0,0.000000000000000, 
644,MA,2019, ,SfM28,5,2.5000000,1.0000000,0,PLOB,0,MD,0,40,FISH,5, ,0, ,0, ,0,0, ,0,0, ,0,0,0.340839273401000, ,0,0.000000000000000, 
645,MA,2019, ,SfM28,5,2.5000000,1.0000000,0,MCAP,0,EF,0,1, ,0, ,0, ,0, ,0,0, ,0,0, ,0,0,0.466232828941000, ,0,0.000000000000000, 
646,MA,2019, ,SfM28,5,2.5000000,1.0000000,0,MPAT,0,EF,0,0, ,0, ,0, ,0, ,0,0, ,0,0, ,0,0,0.069611780693300, ,0,0.000000000000000, 
647,MA,2019, ,SfM28,5,2.5000000,1.0000000,0,MPAT,0,EF,0,5, ,0, ,0, ,0, ,0,0, ,0,0, ,0,0,0.566338203851000, ,0,0.000000000000000, 
648,MA,2019, ,SfM28,5,2.5000000,1.0000000,0,MOSP,0,EF,0,0, ,0, ,0, ,0, ,0,0, ,0,0, ,0,0,0.061587337255400, ,0,0.000000000000000, 
649,MA,2019, ,SfM28,5,2.5000000,1.0000000,0,MPAT,0,EF,0,2, ,0, ,0, ,0, ,0,0, ,0,0, ,0,0,0.117180416515000, ,0,0.000000000000000, 
650,MA,2019, ,SfM28,5,2.5000000,1.0000000,0,MPAT,0,EF,0,70, ,0, ,0, ,0,BLE,30,3, ,0,0, ,0,0,0.108134592244000, ,0,0.000000000000000, 
651,MA,2019, ,SfM28,5,2.5000000,1.0000000,0,MPAT,0,EF,0,5, ,0, ,0, ,0, ,0,0, ,0,0, ,0,0,0.072827466596300, ,0,0.000000000000000, 
652,MA,2019, ,SfM28,5,2.5000000,1.0000000,0,MCAP,0,EF,0,70, ,0, ,0, ,0, ,0,0, ,0,0, ,0,0,0.190597428661000, ,0,0.000000000000000, 
653,MA,2019, ,SfM28,5,2.5000000,1.0000000,0,MCAP,0,EF,0,85, ,0, ,0, ,0, ,0,0, ,0,0, ,0,0,0.126745493052000, ,0,0.000000000000000, 
654,MA,2019, ,SfM30a,1,2.5000000,1.0000000,0,PLUT,0,MD,0,15,FISH,1, ,0, ,0,BLE,10,3, ,0,0, ,0,0,2.147169917810000, ,0,0.000000000000000, 
655,MA,2019, ,SfM30a,1,2.5000000,1.0000000,0,PMEA,0,BR,0,0,FISH,3, ,0, ,0, ,0,0, ,0,0, ,0,0,0.181342797099000, ,0,0.000000000000000, 
656,MA,2019, ,SfM30a,1,2.5000000,1.0000000,0,PLOB,0,MD,0,0, ,0, ,0, ,0, ,0,0, ,0,0, ,0,0,0.052833702068800, ,0,0.000000000000000, 
657,MA,2019, ,SfM30a,1,2.5000000,1.0000000,0,PMEA,0,BR,0,0, ,0, ,0, ,0, ,0,0, ,0,0, ,0,0,0.087665272670500, ,0,0.000000000000000, 
658,MA,2019, ,SfM30a,1,2.5000000,1.0000000,0,PMEA,0,BR,0,0, ,0, ,0, ,0, ,0,0, ,0,0, ,0,0,0.057901381613600, ,0,0.000000000000000, 
659,MA,2019, ,SfM30a,1,2.5000000,1.0000000,0,PMEA,0,BR,0,0, ,0, ,0, ,0, ,0,0, ,0,0, ,0,0,0.171961535929000, ,0,0.000000000000000, 
660,MA,2019, ,SfM30a,1,2.5000000,1.0000000,0,PMEA,0,BR,0,2, ,0, ,0, ,0, ,0,0, ,0,0, ,0,0,0.105697162666000, ,0,0.000000000000000, 
661,MA,2019, ,SfM30a,1,2.5000000,1.0000000,0,PMEA,0,BR,0,35, ,0, ,0, ,0, ,0,0, ,0,0, ,0,0,0.185331189623000, ,0,0.000000000000000, 
662,MA,2019, ,SfM30a,3,2.5000000,1.0000000,0,PLOB,0,MD,0,20, ,0, ,0, ,0, ,0,0, ,0,0, ,0,0,0.401669180267000, ,0,0.000000000000000, 
663,MA,2019, ,SfM30a,3,2.5000000,1.0000000,0,PMEA,0,BR,0,20, ,0, ,0, ,0, ,0,0, ,0,0, ,0,0,0.263900474114000, ,0,0.000000000000000, 
664,MA,2019, ,SfM30a,3,2.5000000,1.0000000,0,PMEA,0,BR,0,0, ,0, ,0, ,0, ,0,0, ,0,0, ,0,0,0.102836616779000, ,0,0.000000000000000, 
665,MA,2019, ,SfM30a,3,2.5000000,1.0000000,0,PMEA,0,BR,0,0, ,0, ,0, ,0, ,0,0, ,0,0, ,0,0,0.082696795930600, ,0,0.000000000000000, 
666,MA,2019, ,SfM30a,3,2.5000000,1.0000000,0,PLOB,0,MD,0,3,FISH,7, ,0, ,0, ,0,0, ,0,0, ,0,0,0.186024191836000, ,0,0.000000000000000, 
667,MA,2019, ,SfM30a,3,2.5000000,1.0000000,0,PMEA,0,BR,0,30,TLS,7, ,0, ,0, ,0,0, ,0,0, ,0,0,0.126986062452000, ,0,0.000000000000000, 
668,MA,2019, ,SfM30a,3,2.5000000,1.0000000,0,PLOB,0,MD,0,5, ,0, ,0, ,0, ,0,0, ,0,0, ,0,0,0.161249435261000, ,0,0.000000000000000, 
669,MA,2019, ,SfM30a,3,2.5000000,1.0000000,0,PMEA,0,BR,0,10, ,0, ,0, ,0, ,0,0, ,0,0, ,0,0,0.115406456043000, ,0,0.000000000000000, 
670,MA,2019, ,SfM30a,3,2.5000000,1.0000000,0,PMEA,0,BR,0,0,FISH,3, ,0, ,0, ,0,0, ,0,0, ,0,0,0.181867863375000, ,0,0.000000000000000, 
671,MA,2019, ,SfM30a,3,2.5000000,1.0000000,0,PMEA,0,BR,0,0,FISH,5, ,0, ,0, ,0,0, ,0,0, ,0,0,0.147626183710000, ,0,0.000000000000000, 
672,MA,2019, ,SfM30a,3,2.5000000,1.0000000,0,PLOB,0,MD,0,10,FISH,5, ,0, ,0, ,0,0, ,0,0, ,0,0,0.872541740578000, ,0,0.000000000000000, 
673,MA,2019, ,SfM30a,3,2.5000000,1.0000000,0,PLOB,0,MD,0,15, ,0, ,0, ,0, ,0,0, ,0,0, ,0,0,0.456100263323000, ,0,0.000000000000000, 
674,MA,2019, ,SfM30a,3,2.5000000,1.0000000,0,PLOB,0,MD,0,7,FISH,3, ,0, ,0,SGA,2,0, ,0,0, ,0,0,0.314307509600000, ,0,0.000000000000000, 
675,MA,2019, ,SfM30a,3,2.5000000,1.0000000,0,PLOB,0,MD,0,10,FISH,7, ,0, ,0, ,0,0, ,0,0, ,0,0,0.822712221763000, ,0,0.000000000000000, 
676,MA,2019, ,SfM30a,3,2.5000000,1.0000000,0,PLOB,0,MD,0,7,FISH,8, ,0, ,0, ,0,0, ,0,0, ,0,0,0.190083269923000, ,0,0.000000000000000, 
677,MA,2019, ,SfM30a,3,2.5000000,1.0000000,0,PLOB,0,MD,0,7,TLS,5, ,0, ,0, ,0,0, ,0,0, ,0,0,0.146829732247000, ,0,0.000000000000000, 
678,MA,2019, ,SfM30a,3,2.5000000,1.0000000,0,PLOB,0,MD,0,30, ,0, ,0, ,0, ,0,0, ,0,0, ,0,0,0.170045229101000, ,0,0.000000000000000, 
679,MA,2019, ,SfM30a,3,2.5000000,1.0000000,0,PLOB,0,MD,0,40, ,0, ,0, ,0, ,0,0, ,0,0, ,0,0,0.476614068265000, ,0,0.000000000000000, 
680,MA,2019, ,SfM30a,3,2.5000000,1.0000000,0,POSP,0,MD,0,5, ,0, ,0, ,0,BLE,10,3, ,0,0, ,0,0,0.313213873229000, ,0,0.000000000000000, 
681,MA,2019, ,SfM30a,3,2.5000000,1.0000000,0,PLOB,0,MD,0,5, ,0, ,0, ,0, ,0,0, ,0,0, ,0,0,0.179031421055000, ,0,0.000000000000000, 
682,MA,2019, ,SfM30a,3,2.5000000,1.0000000,0,PLOB,0,MD,0,90,FISH,5, ,0, ,0, ,0,0, ,0,0, ,0,0,0.314220973211000, ,0,0.000000000000000, 
683,MA,2019, ,SfM30a,5,2.5000000,1.0000000,0,POCS,0,BR,0,0, ,0, ,0, ,0, ,0,0, ,0,0, ,0,0,0.025600782684100, ,0,0.000000000000000, 
684,MA,2019, ,SfM30a,5,2.5000000,1.0000000,0,POCS,0,BR,0,0, ,0, ,0, ,0, ,0,0, ,0,0, ,0,0,0.033987204735900, ,0,0.000000000000000, 
685,MA,2019, ,SfM30a,5,2.5000000,1.0000000,0,PMEA,0,BR,0,0, ,0, ,0, ,0, ,0,0, ,0,0, ,0,0,0.046963071064400, ,0,0.000000000000000, 
686,MA,2019, ,SfM30a,5,2.5000000,1.0000000,0,PMEA,0,BR,0,10, ,0, ,0, ,0,BLE,100,4, ,0,0, ,0,0,0.173332541429000, ,0,0.000000000000000, 
687,MA,2019, ,SfM30a,5,2.5000000,1.0000000,0,POCS,0,BR,0,0, ,0, ,0, ,0, ,0,0, ,0,0, ,0,0,0.023941596072700, ,0,0.000000000000000, 
688,MA,2019, ,SfM30a,5,2.5000000,1.0000000,0,PLOB,0,MD,0,15,TLS,10, ,0, ,0, ,0,0, ,0,0, ,0,0,0.282599239928000, ,0,0.000000000000000, 
689,MA,2019, ,SfM30a,5,2.5000000,1.0000000,0,POCS,0,BR,0,0, ,0, ,0, ,0, ,0,0, ,0,0, ,0,0,0.030959489813700, ,0,0.000000000000000, 
690,MA,2019, ,SfM30a,5,2.5000000,1.0000000,0,POCS,0,BR,0,0, ,0, ,0, ,0, ,0,0, ,0,0, ,0,0,0.051107728928700, ,0,0.000000000000000, 
691,MA,2019, ,SfM30a,5,2.5000000,1.0000000,0,PMEA,0,BR,0,0,FISH,2, ,0, ,0, ,0,0, ,0,0, ,0,0,0.182290866272000, ,0,0.000000000000000, 
692,MA,2019, ,SfM30a,5,2.5000000,1.0000000,0,PMEA,0,BR,0,0,FISH,1, ,0, ,0, ,0,0, ,0,0, ,0,0,0.228850737276000, ,0,0.000000000000000, 
693,MA,2019, ,SfM30a,5,2.5000000,1.0000000,0,MPAT,0,EF,0,85,FISH,2, ,0, ,0, ,0,0, ,0,0, ,0,0,0.269051147225000, ,0,0.000000000000000, 
694,MA,2019, ,SfM30a,5,2.5000000,1.0000000,0,PLOB,0,MD,0,3, ,0, ,0, ,0, ,0,0, ,0,0, ,0,0,0.187601705292000, ,0,0.000000000000000, 
695,MA,2019, ,SfM30a,5,2.5000000,1.0000000,0,PLOB,0,MD,0,3, ,0, ,0, ,0, ,0,0, ,0,0, ,0,0,0.094395178352900, ,0,0.000000000000000, 
696,MA,2019, ,SfM30a,5,2.5000000,1.0000000,0,MPAT,0,EF,0,25, ,0, ,0, ,0,DIS,55,0, ,0,0, ,0,0,0.071389774760600, ,0,0.000000000000000, 
697,MA,2019, ,SfM30a,5,2.5000000,1.0000000,0,PLOB,0,MD,0,10, ,0, ,0, ,0,SGA,3,0,ALG,3,0, ,0,0,0.252264247509000, ,0,0.000000000000000, 
698,MA,2019, ,SfM30a,5,2.5000000,1.0000000,0,POCS,0,BR,0,0, ,0, ,0, ,0, ,0,0, ,0,0, ,0,0,0.036549283287000, ,0,0.000000000000000, 
699,MA,2019, ,SfM30a,5,2.5000000,1.0000000,0,MCAP,0,EF,0,3, ,0, ,0, ,0,BLE,100,5, ,0,0, ,0,0,0.082043950769300, ,0,0.000000000000000, 
700,MW,2019, ,OAH-SfM30a,1,0.0000000,0.0000000,0,PMEA,0,BR,0,0,FISH,2, ,0, ,0, ,0,0, ,0,0, ,0,0,0.175382924193000, ,0,0.000000000000000, 
701,MW,2019, ,SfM30a,1,0.0000000,0.0000000,0, ,0, ,0,0, ,0, ,0, ,0, ,0,0, ,0,0, ,0,0,2.148489777580000, ,0,0.000000000000000, 
702,MW,2019, ,SfM30a,0,0.0000000,0.0000000,0,PMEA,0,BR,0,40, ,0, ,0, ,0, ,0,0, ,0,0, ,0,0,0.188294662672000, ,0,0.000000000000000, 
703,MW,2019, ,SfM30a,0,0.0000000,0.0000000,0,PMEA,0,BR,0,1, ,0, ,0, ,0, ,0,0, ,0,0, ,0,0,0.109161348973000, ,0,0.000000000000000, 
704,MW,2019, ,SfM30a,0,0.0000000,0.0000000,0,PMEA,0,BR,0,0, ,0, ,0, ,0, ,0,0, ,0,0, ,0,0,0.174858257308000, ,0,0.000000000000000, 
705,MW,2019, ,SfM30a,0,0.0000000,0.0000000,0,PMEA,0,BR,0,30, ,0, ,0, ,0, ,0,0, ,0,0, ,0,0,0.265959413866000, ,0,0.000000000000000, 
706,MW,2019, ,SfM30a,0,0.0000000,0.0000000,0,PLOB,0,MD,0,10, ,0, ,0, ,0, ,0,0, ,0,0, ,0,0,0.174054015210000, ,0,0.000000000000000, 
707,MW,2019, ,SfM30a,0,0.0000000,0.0000000,0,PMEA,0,BR,0,25,TLS,10, ,0, ,0, ,0,0, ,0,0, ,0,0,0.127136973674000, ,0,0.000000000000000, 
708,MW,2019, ,SfM30a,0,0.0000000,0.0000000,0,PMEA,0,BR,0,10, ,0, ,0, ,0, ,0,0, ,0,0, ,0,0,0.119277533739000, ,0,0.000000000000000, 
709,MW,2019, ,SfM30a,0,0.0000000,0.0000000,0,PLOB,0,MD,0,10, ,0, ,0, ,0,ALG,2,0,SGA,3,0, ,0,0,0.293202063620000, ,0,0.000000000000000, 
710,MW,2019, ,SfM30a,0,0.0000000,0.0000000,0,PLOB,0,MD,0,3, ,0, ,0, ,0, ,0,0, ,0,0, ,0,0,0.182863282638000, ,0,0.000000000000000, 
711,MW,2019, ,SfM30a,0,0.0000000,0.0000000,0,MPAT,0,EM,0,30, ,0, ,0, ,0, ,0,0, ,0,0, ,0,0,0.065655844356100, ,0,0.000000000000000, 
712,MW,2019, ,SfM30a,0,0.0000000,0.0000000,0,PLOB,0,MD,0,2, ,0, ,0, ,0, ,0,0, ,0,0, ,0,0,0.089936532007700, ,0,0.000000000000000, 
713,MW,2019, ,SfM30a,0,0.0000000,0.0000000,0,PLOB,0,MD,0,0, ,0, ,0, ,0, ,0,0, ,0,0, ,0,0,0.298805121841000, ,0,0.000000000000000, 
714,MW,2019, ,SfM30a,0,0.0000000,0.0000000,0,PMEA,0,BR,0,0,FISH,1, ,0, ,0, ,0,0, ,0,0, ,0,0,0.175822296037000, ,0,0.000000000000000, 
715,MW,2019, ,SfM30a,0,0.0000000,0.0000000,0,PMEA,0,BR,0,0,FISH,1, ,0, ,0, ,0,0, ,0,0, ,0,0,0.239518788021000, ,0,0.000000000000000, 
716,MW,2019, ,SfM30a,0,0.0000000,0.0000000,0,PMEA,0,BR,0,0, ,0, ,0, ,0, ,0,0, ,0,0, ,0,0,0.090139502267200, ,0,0.000000000000000, 
717,MW,2019, ,SfM30a,0,0.0000000,0.0000000,0,PLOB,0,MD,0,25, ,0, ,0, ,0, ,0,0, ,0,0, ,0,0,0.407112883335000, ,0,0.000000000000000, 
718,MW,2019, ,SfM30a,0,0.0000000,0.0000000,0,PMEA,0,BR,0,0, ,0, ,0, ,0, ,0,0, ,0,0, ,0,0,0.108890815918000, ,0,0.000000000000000, 
719,MW,2019, ,SfM30a,0,0.0000000,0.0000000,0, ,0,MD,0,2, ,0, ,0, ,0, ,0,0, ,0,0, ,0,0,0.318379977385000, ,0,0.000000000000000, 
720,MW,2019, ,SfM30a,0,0.0000000,0.0000000,0,PMEA,0,BR,0,0,FISH,1, ,0, ,0, ,0,0, ,0,0, ,0,0,0.084157114610600, ,0,0.000000000000000, 
721,MW,2019, ,SfM30a,0,0.0000000,0.0000000,0,PLOB,0,MD,0,3,FISH,6, ,0, ,0, ,0,0, ,0,0, ,0,0,0.193205073029000, ,0,0.000000000000000, 
722,MW,2019, ,SfM30a,0,0.0000000,0.0000000,0,PLOB,0,MD,0,16, ,0, ,0, ,0, ,0,0, ,0,0, ,0,0,0.140754609152000, ,0,0.000000000000000, 
723,MW,2019, ,SfM30a,0,0.0000000,0.0000000,0,PLOB,0,MD,0,30, ,0, ,0, ,0, ,0,0, ,0,0, ,0,0,0.172503507546000, ,0,0.000000000000000, 
724,MW,2019, ,SfM30a,0,0.0000000,0.0000000,0, ,0,MD,0,6,FISH,3, ,0, ,0, ,0,0, ,0,0, ,0,0,0.192708328793000, ,0,0.000000000000000, 
725,MW,2019, ,SfM30a,0,0.0000000,0.0000000,0,PLUT,0,MD,0,0, ,0, ,0, ,0, ,0,0, ,0,0, ,0,0,0.483173189191000, ,0,0.000000000000000, 
726,MW,2019, ,SfM30a,0,0.0000000,0.0000000,0,PMEA,0,BR,0,0,FISH,6, ,0, ,0, ,0,0, ,0,0, ,0,0,0.151058399262000, ,0,0.000000000000000, 
727,MW,2019, ,SfM30a,0,0.0000000,0.0000000,0,PMEA,0,BR,0,0,FISH,5, ,0, ,0, ,0,0, ,0,0, ,0,0,0.171412134608000, ,0,0.000000000000000, 
728,MW,2019, ,SfM30a,0,0.0000000,0.0000000,0,POCS,0,KN,0,0, ,0, ,0, ,0, ,0,0, ,0,0, ,0,0,0.029990830684200, ,0,0.000000000000000, 
729,MW,2019, ,SfM30a,0,0.0000000,0.0000000,0,POCS,0,KN,0,0, ,0, ,0, ,0, ,0,0, ,0,0, ,0,0,0.024279209795400, ,0,0.000000000000000, 
730,MW,2019, ,SfM30a,0,0.0000000,0.0000000,0,POCS,0,KN,0,0, ,0, ,0, ,0, ,0,0, ,0,0, ,0,0,0.020842504640600, ,0,0.000000000000000, 
731,MW,2019, ,SfM30a,0,0.0000000,0.0000000,0,PMEA,0,KN,0,0, ,0, ,0, ,0, ,0,0, ,0,0, ,0,0,0.049627109785200, ,0,0.000000000000000, 